5000 5000 
990 1572 
807 2151 
1174 4713 
1369 4431 
493 1947 
280 2084 
1931 2833 
1556 4476 
4945 4975 
1848 2380 
2117 3081 
2371 2508 
2613 2849 
1649 1679 
4636 4924 
720 2886 
64 4271 
3634 3709 
2977 4805 
1296 2131 
4520 4637 
1906 4970 
1081 2142 
3172 4464 
4908 4937 
4769 4947 
3582 4658 
2088 3266 
3906 4783 
1635 4443 
4708 4905 
1719 3242 
4919 4953 
405 4294 
3773 4084 
4425 4662 
3229 4042 
1792 2540 
639 4829 
1473 2024 
4019 4805 
1425 4588 
3440 3976 
2836 4136 
153 269 
3785 3788 
438 2905 
1887 3929 
4266 4511 
4396 4452 
3723 4649 
3360 4445 
72 734 
4304 4621 
3918 4854 
1865 2163 
2412 4678 
1224 4414 
1256 1990 
659 3731 
1160 2233 
2119 4239 
3688 4962 
2285 4144 
3441 4699 
430 2762 
3977 4882 
4855 4969 
3041 4937 
3682 4164 
4841 4938 
2783 3920 
4254 4454 
398 2228 
2662 4325 
1715 4920 
3015 3455 
2308 3968 
557 4441 
972 3272 
4432 4837 
864 3818 
4460 4694 
1012 2588 
4940 4998 
2951 4516 
2816 4555 
255 3294 
2212 3840 
3336 4399 
3272 3305 
366 1230 
2596 4231 
1314 2451 
4945 4945 
3831 4074 
2790 3776 
871 1834 
1394 2255 
3165 4906 
2020 3649 
1269 2672 
1023 4977 
3077 3731 
4916 4959 
4680 4819 
862 3685 
3216 4572 
4449 4594 
3334 4688 
3325 3991 
1702 2959 
4316 4755 
3996 4608 
2670 2790 
3396 3711 
2263 2409 
2963 4329 
3854 4112 
3097 3227 
2518 3833 
505 2442 
1540 2839 
191 2972 
2387 3446 
2849 3370 
3660 4338 
3788 4739 
3129 3834 
2174 3868 
1853 3351 
4001 4298 
36 3836 
1277 1963 
816 3459 
1555 1563 
2969 4997 
4417 4447 
91 4703 
1782 3321 
3443 4939 
4452 4880 
3906 4324 
3758 3785 
3407 4044 
579 1225 
1155 1540 
2465 3265 
127 4932 
3649 4807 
1691 1856 
2618 3471 
472 2117 
1650 4953 
2185 4515 
1886 3453 
4173 4921 
1925 4781 
3676 4482 
4930 4970 
1456 4475 
4594 4696 
1511 1708 
375 4694 
157 442 
2478 4690 
582 1535 
4041 4564 
3882 4884 
2840 4412 
2146 4537 
730 1915 
3084 3465 
1620 4223 
993 4693 
3401 3609 
4783 4817 
1128 3626 
4608 4871 
2059 2181 
1395 1693 
719 4059 
1304 3254 
88 4258 
4832 4921 
335 3269 
3297 4304 
2947 4902 
3832 4995 
2071 3921 
2140 2889 
1541 2496 
3734 3803 
2775 2942 
898 2211 
465 4497 
4414 4528 
2989 4556 
4694 4786 
4084 4395 
1789 1961 
2626 3575 
4394 4558 
1913 4128 
4655 4726 
1466 4529 
2578 3822 
4309 4778 
2612 4963 
3328 4745 
1775 4003 
513 4634 
2643 4077 
3632 4285 
3181 4465 
3338 3490 
2675 3063 
811 2843 
4189 4779 
92 2598 
131 1311 
1912 2258 
1115 3184 
1770 4800 
4777 4929 
1901 2126 
4756 4882 
1825 1926 
4894 4899 
1962 4320 
2483 4869 
4007 4182 
557 3551 
3487 3489 
522 4743 
54 1752 
975 4956 
4468 4863 
2786 3283 
1517 3112 
1095 1532 
2017 4636 
4910 4945 
4384 4769 
4651 4853 
135 2191 
4250 4901 
4516 4815 
1142 4652 
3610 4359 
2595 2613 
1297 2717 
4476 4634 
1813 1978 
4393 4963 
957 2638 
4229 4705 
1471 3257 
3352 4372 
4880 4949 
877 3632 
4551 4658 
3619 4013 
3671 4340 
1321 4023 
603 2857 
1530 4986 
3370 4452 
1232 3891 
4891 4977 
4208 4977 
169 2182 
1838 4001 
3712 4119 
3654 4789 
498 3593 
4351 4566 
1049 2208 
122 4062 
3172 3594 
1502 3219 
2903 2907 
2481 4687 
2747 3696 
3609 3831 
3860 3893 
2997 4800 
3523 4438 
3860 4793 
4227 4867 
14 4238 
1892 4621 
3612 3735 
1021 2094 
171 3086 
2036 4681 
1241 3716 
2924 4962 
942 1798 
3513 4081 
1554 4141 
748 1802 
1776 4727 
3936 4091 
3063 4005 
4745 4820 
4093 4867 
3401 3948 
118 2803 
2478 4685 
3123 3463 
2104 3606 
1542 1953 
1115 1302 
2713 3340 
2265 2284 
76 1859 
2674 4536 
3741 4527 
1288 1738 
2296 4748 
4692 4986 
2368 4478 
1991 3213 
409 3622 
123 3857 
2771 2972 
4566 4704 
4770 4827 
3109 4456 
158 4196 
4509 4800 
1285 3812 
1383 1832 
549 3535 
4778 4874 
189 747 
207 788 
4493 4950 
779 2714 
309 2539 
4342 4691 
2687 3902 
1140 2979 
1328 2574 
4013 4855 
1384 3072 
3495 4850 
3125 3676 
4723 4898 
1398 4024 
3206 4030 
3773 4735 
591 4683 
3948 4809 
3343 4635 
2627 3851 
2610 4460 
3962 4971 
3013 4225 
1956 4726 
829 3697 
2015 4119 
777 1148 
449 2963 
3609 4416 
4921 4947 
710 3359 
904 1090 
547 3860 
211 3287 
1802 2741 
1966 4012 
993 2321 
469 2589 
3861 3992 
4630 4845 
1361 3938 
1412 1798 
3357 4187 
4721 4938 
3746 4552 
761 984 
2308 4524 
4451 4883 
42 1849 
243 2313 
971 2122 
1391 2644 
2328 4388 
1680 2675 
4140 4801 
2221 2297 
4773 4943 
3357 4897 
4525 4692 
1259 3091 
336 4953 
1016 2523 
2267 3043 
1636 3354 
2901 3181 
2589 2650 
69 3427 
2376 3901 
4670 4881 
640 3131 
3539 4371 
4893 4897 
1081 3472 
4874 4893 
496 1614 
3317 4552 
2299 4209 
2077 3881 
4075 4982 
3228 4194 
3790 4098 
1103 3534 
1004 4799 
2058 3876 
2740 4901 
1924 4801 
1068 4261 
3837 4576 
1171 4826 
2841 3254 
980 4175 
2699 3015 
3759 4775 
31 4451 
1699 4265 
4402 4540 
3892 3928 
1863 3533 
3239 3775 
3415 3499 
3830 4385 
4641 4791 
1861 3549 
141 164 
3805 4262 
4451 4646 
3424 4847 
2152 2351 
2516 4854 
1985 4831 
4940 4988 
67 3532 
4039 4454 
3307 3379 
2704 4642 
3887 3914 
33 118 
1115 4622 
2172 3149 
249 620 
1477 1565 
4024 4879 
834 2090 
1894 4393 
4017 4942 
2616 4980 
410 1652 
1219 1712 
2680 3720 
3516 3700 
3402 4262 
3207 4969 
50 691 
2397 3111 
1157 4738 
2429 2626 
4886 4977 
18 3295 
2061 2742 
2011 4657 
2623 4691 
2509 4687 
425 1228 
1947 1952 
315 2279 
1947 4560 
3388 4471 
3282 3583 
539 3876 
2690 4556 
2633 3063 
1724 2565 
4690 4746 
4943 4943 
1392 4527 
677 3179 
3028 4364 
2948 3841 
288 1129 
502 3987 
4485 4743 
4871 4895 
402 3047 
3544 3578 
2596 4601 
217 3593 
3732 4433 
3967 4119 
3008 4627 
4985 4987 
2701 3369 
2347 4765 
3373 4527 
437 4820 
4836 4945 
1838 4936 
2413 3599 
3024 4293 
4063 4280 
2500 3222 
1950 2943 
4752 4822 
3316 3964 
4278 4981 
2921 3068 
2841 3637 
1017 4052 
3311 4879 
742 4609 
3358 3998 
619 4137 
1425 2753 
562 2792 
4354 4772 
4862 4908 
4918 4965 
2028 2623 
3899 4130 
1920 4162 
1279 2534 
1625 4810 
2077 4982 
3203 3258 
4753 4866 
4059 4267 
3383 4818 
1896 2799 
4569 4980 
191 3932 
279 886 
2835 4241 
1453 3751 
1834 3783 
3774 4485 
314 2219 
3842 4185 
2544 4877 
4805 4964 
2802 3670 
3011 4919 
2294 4946 
3536 4230 
525 2936 
2380 2531 
1813 3119 
313 1471 
4319 4358 
873 1966 
2354 2431 
3954 4529 
841 853 
443 1341 
2863 4628 
1131 4794 
2538 3172 
896 2829 
2347 3718 
1473 4888 
4829 4863 
2387 3179 
334 4692 
386 2645 
492 3947 
3066 3613 
4870 4880 
3161 4132 
3861 4582 
1554 4404 
294 4458 
4867 4956 
898 2840 
556 3068 
4969 4981 
3512 4123 
2728 4378 
522 1668 
3661 4514 
491 2542 
648 986 
2502 3417 
1758 4458 
490 4846 
3021 4537 
1205 3812 
3013 4026 
4227 4332 
4454 4531 
3418 4863 
4149 4772 
2253 3650 
1517 3662 
864 1463 
2791 4569 
1138 4605 
4181 4771 
4652 4937 
2829 3335 
1143 1291 
1446 3693 
357 1794 
4261 4379 
2851 3305 
244 3167 
1582 4326 
2166 3887 
317 2041 
2033 3831 
354 964 
1171 4376 
2802 3700 
4527 4914 
4539 4610 
4958 5000 
1929 2283 
76 4960 
3413 3944 
970 1403 
4184 4246 
259 4948 
2787 4277 
3460 4047 
272 3343 
4928 4991 
1347 3706 
4212 4465 
1759 4187 
4571 4980 
3303 3511 
350 3473 
1302 3781 
1055 3316 
2158 4706 
4519 4568 
3534 3991 
13 531 
812 2965 
2855 4193 
1093 4370 
2291 4333 
4102 4843 
251 1617 
442 585 
3051 4028 
3320 3375 
1003 4945 
1223 3000 
1949 4359 
2069 2770 
993 4580 
4175 4420 
3418 4717 
1565 3203 
1927 4839 
626 3405 
691 1695 
1384 2980 
4166 4536 
698 2264 
1478 4820 
1244 4906 
2803 4533 
222 2274 
1331 2449 
4319 4586 
418 477 
2398 3790 
4324 4518 
3514 4187 
3788 4988 
2884 4945 
3057 4982 
2718 3730 
392 3384 
4071 4318 
2563 3605 
3284 3905 
2572 3431 
4164 4408 
77 2284 
4309 4828 
2959 3479 
2105 4424 
132 4647 
1542 2459 
764 1315 
3989 4774 
2398 2528 
874 3678 
815 818 
3236 3714 
4862 4872 
2755 2839 
3366 4053 
3578 4096 
4214 4615 
821 4924 
4320 4926 
3351 3626 
1927 4471 
4327 4643 
3177 3989 
4433 5000 
4075 4714 
473 2080 
121 2179 
650 2097 
204 3526 
2030 4491 
1274 1827 
1604 4141 
1562 1794 
400 2726 
802 4346 
2947 3398 
92 3730 
2009 3524 
2592 4481 
728 2924 
4964 4978 
3910 4348 
3743 4388 
3154 3560 
1455 4703 
2069 4986 
1061 2287 
1358 4504 
957 3632 
3972 4895 
4740 4745 
4643 4682 
472 677 
4416 4468 
522 3321 
655 4518 
4464 4909 
2820 3646 
4959 4974 
1068 1727 
249 1264 
714 1640 
2613 4207 
4547 4733 
2450 4141 
3303 3431 
3066 3500 
1553 3286 
1156 3045 
4795 4919 
2737 4604 
1078 1631 
3748 4656 
1300 3939 
635 3188 
3041 4041 
4492 4956 
458 522 
3792 4953 
947 3537 
559 4552 
3191 4946 
1119 3057 
1922 4807 
3799 3848 
4350 4822 
1436 3131 
3191 3948 
1734 4538 
611 1866 
775 3375 
2978 3937 
2024 2510 
2113 3130 
4213 4432 
868 1120 
3161 4383 
1307 2362 
804 918 
4886 4944 
3377 4460 
4618 4804 
3638 4938 
2814 3442 
3956 4901 
3176 4690 
3383 3956 
4077 4911 
2840 3708 
2344 4476 
739 1779 
706 3667 
1121 3528 
202 2929 
3883 4905 
2997 4459 
77 2773 
762 1896 
2077 3434 
4572 4676 
3535 4664 
2618 3714 
4122 4281 
2793 4100 
763 4438 
4358 4460 
328 3655 
2628 3247 
1571 4666 
4153 4817 
134 4145 
984 2232 
1212 3507 
2922 3836 
3165 3732 
3996 4566 
946 2962 
724 752 
635 2515 
2627 4382 
646 4374 
1579 2780 
787 2935 
4784 4820 
1905 3870 
78 3914 
432 4426 
3875 4092 
810 2379 
2539 4236 
536 2541 
4479 4836 
1198 1798 
4542 4822 
4616 4833 
4426 4679 
1332 1431 
4981 4984 
1763 3169 
3449 4850 
1386 2969 
593 1747 
645 3798 
1006 3990 
3781 4777 
4396 4400 
3807 3952 
4582 4728 
2066 4942 
1678 1989 
3080 4410 
4626 4979 
3520 4654 
522 2472 
1526 4218 
283 438 
16 3706 
2240 4121 
4655 4959 
512 4006 
1942 2577 
159 924 
4262 4609 
1828 2143 
4246 4286 
806 3473 
4497 4545 
2636 2796 
3218 4179 
1807 2447 
2151 4929 
1130 2136 
679 4621 
984 4904 
2226 4900 
4172 4340 
1109 3720 
4989 4996 
3756 4122 
4603 4717 
687 3977 
1129 4596 
1916 3317 
892 3106 
1009 3039 
1139 3497 
4209 4564 
4823 4955 
1172 1253 
1852 3082 
1559 3685 
2323 4965 
1819 2456 
1524 2015 
1259 3201 
1963 3758 
329 2767 
3649 4705 
4314 4430 
821 2037 
1068 1278 
4391 4887 
1798 4031 
2614 4427 
4611 4809 
316 3415 
1281 3357 
3038 4745 
1068 4998 
3720 4025 
890 4695 
1819 2589 
926 2066 
556 3074 
4096 4940 
3591 3616 
4398 4998 
1836 2537 
2787 4665 
1644 3095 
2422 4656 
651 3389 
4713 4895 
4264 4303 
1604 2129 
535 2929 
2235 3020 
3493 4984 
1660 3871 
3220 3788 
1660 1944 
3 1542 
2163 2873 
1177 1622 
2770 3931 
1354 4756 
2469 4554 
4644 4990 
2613 4335 
2739 3684 
2570 3333 
385 1233 
2885 2947 
3245 4922 
4651 4959 
3439 3490 
3992 4652 
2639 4467 
2990 4265 
3940 4519 
3141 4812 
3573 4073 
1261 4731 
3341 3974 
2591 3815 
3830 4234 
3259 3382 
2823 3425 
235 2029 
1755 4435 
4223 4547 
2958 3042 
4829 4902 
4801 4867 
596 1421 
262 1281 
1257 2492 
4939 4991 
3570 4717 
3661 3819 
2532 3378 
2379 3171 
589 4411 
951 2550 
3073 4481 
3884 4325 
4600 4969 
1244 3687 
1697 4350 
4691 4768 
2168 3677 
3519 4966 
4468 4914 
2696 3160 
635 1830 
1512 4739 
3661 4021 
2796 4777 
4556 4846 
2136 3231 
2523 3665 
4537 4716 
922 2677 
3025 4239 
1392 2226 
2061 4864 
3651 4839 
2059 3365 
681 4155 
725 871 
2447 2501 
1947 3906 
1754 3064 
1508 2706 
2265 3518 
4461 4467 
3122 3420 
3718 4342 
4853 4938 
1861 3117 
4185 4912 
3626 4344 
3624 3744 
1052 1813 
1118 2973 
2865 3800 
25 4927 
2936 4073 
4006 4510 
3315 4607 
1447 4108 
1114 2556 
813 2834 
2317 4573 
159 603 
4761 4842 
127 1184 
2963 3525 
1893 4788 
2986 4440 
705 4549 
3352 3874 
664 4644 
2515 3949 
3997 4281 
1288 3500 
3374 3812 
2576 4269 
71 1826 
304 1619 
4009 4238 
3990 4304 
4158 4668 
3007 4663 
2648 4841 
2591 2742 
2506 3342 
708 1926 
861 2506 
676 4084 
3424 4344 
3469 3524 
78 3386 
318 2035 
2465 3231 
2866 3476 
386 4612 
991 1985 
3202 3457 
1220 1397 
2282 2991 
179 1466 
502 4945 
2148 4634 
1059 3101 
2427 4385 
3330 4632 
4605 4953 
2769 3291 
1646 3943 
3901 4194 
83 2345 
3763 4157 
2446 2846 
4857 4945 
1316 3446 
1899 2030 
945 2867 
2531 2840 
3517 4940 
1021 3246 
1212 2140 
1431 4936 
3346 4228 
373 531 
1936 3988 
4647 4787 
562 3180 
4377 4389 
4286 4611 
2286 3239 
978 4149 
4551 4856 
128 2491 
4263 4796 
1016 3674 
4268 4678 
3298 3675 
1117 2078 
4408 4481 
2823 3004 
1778 3086 
951 1237 
3841 4382 
532 1304 
1949 3480 
1211 1518 
1842 4324 
1255 3536 
3142 4015 
3933 4038 
4999 5000 
1534 3272 
3321 4399 
4853 4947 
2589 3707 
616 2368 
896 2986 
4955 4997 
216 4758 
2337 4038 
1404 2773 
1369 4519 
2259 4861 
183 4360 
3474 3546 
2373 3475 
4909 4950 
3713 3791 
3056 4824 
2917 3030 
448 2829 
4889 4908 
3889 4364 
2924 3746 
3262 4340 
1880 2189 
4479 4845 
2618 3549 
3790 3950 
3685 4095 
3017 4284 
2281 4380 
1040 1457 
3350 4083 
4957 4974 
4842 4989 
2351 3435 
2221 2491 
3592 4091 
4805 4897 
515 1194 
886 1954 
2903 2957 
3371 4028 
3207 4947 
1393 4434 
2269 4126 
4197 4881 
1947 2999 
1610 3730 
659 4209 
4997 4997 
2684 3947 
3532 4733 
1253 3085 
1574 4320 
2523 4731 
4854 4998 
1775 4828 
4758 4801 
2332 3298 
4138 4208 
1188 3476 
4306 4499 
2238 4943 
1094 2632 
271 4230 
1566 3717 
1434 3460 
4822 4986 
4984 5000 
146 3170 
2156 2847 
1318 3365 
4777 4913 
3645 4260 
873 1353 
617 1363 
262 2739 
1185 3273 
1433 2409 
153 3022 
2798 3906 
4511 4694 
2882 3630 
910 2632 
3907 4133 
2382 4625 
3794 4557 
1342 2112 
2719 3745 
629 4932 
1100 2290 
3339 4591 
356 4766 
3275 4649 
3982 3984 
349 3684 
3170 4237 
2552 2629 
3492 4947 
1752 4677 
2369 3821 
4423 4719 
3181 4309 
4894 4901 
405 3519 
81 4724 
2269 4991 
1809 3654 
4973 4980 
1799 4545 
2614 3868 
2744 3761 
2813 3123 
2247 2926 
4572 4588 
3589 4502 
2768 4937 
4455 4891 
3342 4489 
4672 4684 
1574 4437 
2430 4261 
2883 3167 
4694 4728 
4602 4967 
112 2279 
4018 4617 
1159 2638 
3545 4951 
4511 4550 
1015 2980 
4023 4843 
4945 4970 
1764 3135 
277 4417 
1081 4686 
1948 2041 
2773 3427 
4300 4487 
1928 4721 
73 180 
1309 1774 
4598 4614 
3139 3716 
4906 4916 
2298 3774 
821 4284 
2366 3952 
3447 3454 
2954 3008 
3747 4497 
256 3485 
3475 4820 
1075 1767 
4864 4869 
2912 3365 
1817 2795 
4360 4840 
2777 2949 
1708 3363 
1058 2064 
2522 2689 
4065 4840 
4262 4952 
4330 4904 
1045 2725 
2982 4894 
897 2633 
1687 2964 
4065 4952 
4825 4951 
2708 3608 
1421 3053 
1883 2724 
2402 2990 
1687 2210 
1862 4981 
3631 4704 
1217 3223 
797 4667 
1559 2152 
3468 3700 
939 3042 
2835 3925 
106 3682 
127 3227 
4854 4970 
3905 4521 
2485 2975 
4571 4786 
40 4386 
1868 2599 
2359 4144 
2193 3989 
3887 4360 
2527 2612 
1031 4570 
2718 4798 
4094 4616 
1083 1718 
3204 4782 
1821 1933 
3983 4102 
1291 3926 
2997 4733 
3947 4674 
2655 3414 
4749 4942 
1307 2195 
232 3308 
2678 3065 
4470 4868 
3298 4915 
4154 4155 
3366 4852 
727 1582 
4202 4399 
1455 4902 
346 1028 
2796 3317 
2337 3383 
3153 4448 
808 3023 
502 889 
1548 4804 
1119 4275 
4181 4678 
3198 4591 
2643 4427 
2334 4932 
4870 4919 
1351 1914 
1143 4672 
2126 2923 
2241 3114 
14 2352 
2789 3891 
4301 4632 
1783 2804 
1212 2948 
1496 3885 
2882 4126 
3114 4660 
1597 2310 
2192 2787 
4778 4984 
2479 2953 
4017 4471 
3000 4474 
1770 3016 
3071 3806 
4638 4973 
1063 1460 
3785 4121 
1254 3390 
758 4854 
1112 1986 
814 3238 
1170 2138 
2334 4505 
4301 4731 
386 4617 
140 3207 
1408 2302 
2313 2594 
1315 2016 
2155 3545 
3554 4312 
4582 4852 
3371 4754 
4320 4857 
938 2871 
3770 4717 
3506 4961 
382 2716 
2885 3698 
1723 4300 
2411 3715 
3931 4086 
92 4111 
4827 4893 
641 3961 
365 3257 
2824 4228 
1339 1739 
440 2344 
490 1646 
490 3189 
4142 4225 
1298 2860 
3677 4434 
23 2673 
2356 2936 
2528 4872 
514 2022 
4831 4844 
2319 4688 
818 2432 
463 476 
3468 4862 
1726 3463 
345 4169 
223 4234 
3079 3450 
23 708 
1743 1910 
1110 3413 
1715 4759 
3519 4474 
793 3587 
4603 4697 
1312 2422 
4363 4459 
1828 4838 
359 454 
1571 1932 
3014 3985 
405 4078 
2235 4298 
2127 2808 
222 601 
2331 2437 
797 3047 
1347 2793 
2581 2878 
2978 4719 
986 1025 
4508 4552 
1812 2251 
3650 4623 
2351 4928 
4132 4930 
3068 3903 
690 3192 
3034 4002 
4978 4984 
503 3397 
2601 2770 
3630 4158 
420 2123 
4558 4903 
3348 3975 
845 1606 
2453 3091 
214 4578 
3312 4679 
4655 4777 
3790 4348 
1960 3287 
542 1649 
3143 3148 
4123 4539 
4663 4671 
1590 4874 
2393 3254 
2974 3777 
2334 3000 
1904 3384 
760 3493 
3989 3995 
1304 4946 
3134 3268 
698 3872 
2314 2801 
4820 4844 
2632 3083 
623 3549 
2174 3388 
3949 4682 
2696 3525 
2475 2512 
1380 1462 
1435 3573 
4646 4894 
1306 4545 
287 1684 
4829 4926 
868 4325 
1491 2982 
3849 4920 
4240 4340 
1603 3432 
2232 2251 
2918 4049 
2712 4985 
2829 3839 
1299 1943 
143 1936 
4321 4477 
4956 4998 
2819 4130 
1612 2640 
3987 4356 
3603 3702 
4439 4892 
2296 3770 
1355 4406 
2618 4935 
1527 2479 
1566 3315 
4580 4838 
1517 2525 
1939 4677 
665 1802 
2614 3963 
2757 4602 
244 4529 
4485 4497 
3431 3891 
467 1519 
3264 3536 
3953 4666 
3085 4841 
3983 4920 
517 2342 
3552 3899 
2999 3903 
2265 2829 
3942 4723 
3741 4929 
2184 4572 
3503 3747 
3154 3593 
4110 4534 
1111 1160 
3487 3654 
897 2924 
3311 4015 
1340 4943 
3715 4002 
4343 4804 
1057 2987 
3420 3967 
1862 4557 
3313 4023 
3438 3546 
204 1174 
1931 3730 
2640 4597 
1154 4661 
3726 4453 
2875 4970 
4804 4947 
3436 4530 
661 3567 
2376 2810 
1502 4266 
3549 4257 
405 4579 
4233 4906 
3135 3179 
669 3587 
4159 4996 
390 1650 
2142 4051 
4634 4922 
1404 2964 
1596 2466 
541 4341 
2304 4773 
595 3760 
4344 4697 
4046 4295 
3387 4335 
699 1233 
3190 4358 
3052 4745 
3708 4203 
3973 4070 
492 3530 
769 3639 
3435 4354 
2284 3906 
2903 3420 
3338 4315 
270 3065 
1783 3683 
2429 3474 
4368 4745 
4729 4991 
3429 4389 
2841 3364 
30 4787 
2209 2775 
4236 4923 
1889 3754 
962 2061 
365 4396 
972 4131 
2625 3784 
1079 4224 
3530 4725 
2026 4441 
2167 3435 
3268 4190 
4668 4919 
3227 3619 
3783 3846 
2335 2711 
3309 3723 
946 980 
3606 3659 
3731 4287 
4215 4972 
1217 4902 
2815 3780 
1349 1694 
4583 4591 
3078 3539 
1053 2906 
3427 3964 
3892 4849 
4772 4902 
4812 4886 
1866 4080 
952 2576 
1971 4536 
1678 4438 
305 2512 
4753 4845 
4107 4746 
2588 2878 
2394 4472 
164 3284 
1806 3210 
3008 4937 
1847 3077 
384 1877 
4227 4292 
2806 4040 
1496 4914 
1337 3908 
2854 3455 
4163 4640 
2547 4473 
3496 3605 
4927 4998 
3610 3633 
3359 4388 
3382 4025 
674 4935 
930 4998 
673 1494 
4946 4990 
34 1742 
4597 4903 
4164 4412 
548 4083 
4804 4836 
1374 1757 
1632 4619 
1843 2280 
513 1792 
1491 4565 
2895 3735 
354 1642 
3505 3801 
454 1135 
1889 2385 
4387 4692 
3785 4536 
3690 4097 
3418 3510 
2198 4275 
640 4519 
229 605 
3887 4554 
4073 4268 
2894 4994 
3375 3440 
2417 4601 
408 3017 
3439 4283 
3366 3485 
3441 4919 
4282 4352 
4252 4537 
1770 1931 
897 2331 
4109 4521 
4232 4623 
1152 3154 
2347 2811 
4430 4841 
3807 4173 
1806 2509 
1360 1419 
3764 3915 
1638 2846 
904 2664 
824 1146 
4161 4731 
2619 3700 
4532 4850 
871 3462 
1144 1301 
2339 4219 
3166 4517 
4909 4920 
2272 2285 
2581 3433 
2533 3123 
3036 4111 
4976 4984 
3096 3997 
989 4442 
3552 4313 
1952 2222 
860 2467 
3646 4236 
2229 3515 
562 1995 
974 2111 
315 819 
1616 2099 
243 342 
3776 4118 
245 3938 
2713 4791 
3480 4753 
444 884 
139 180 
4445 4844 
950 3355 
3534 4775 
770 3399 
3672 4277 
1915 2424 
2218 3667 
172 4163 
1678 4244 
4732 4858 
2287 4568 
1109 4665 
1396 4136 
635 3730 
4967 4983 
1424 4073 
3406 4485 
1472 3135 
603 882 
3955 4503 
258 1016 
4324 4481 
1781 4257 
2268 2288 
1115 2433 
960 3723 
2754 3902 
3921 4883 
1477 2225 
4319 4914 
4948 4983 
2099 2923 
1708 2425 
310 1201 
1861 4339 
2576 2804 
595 2298 
4079 4688 
1227 3011 
2096 4670 
2523 2925 
2304 4685 
488 558 
415 1124 
4192 4397 
1601 2662 
1185 2329 
3891 4241 
3730 4290 
3267 3885 
4736 4757 
1034 2486 
4544 4561 
4337 4858 
474 2126 
4480 4834 
2457 3222 
3490 4867 
4171 4528 
2778 3478 
1758 4233 
2955 4491 
579 2432 
1449 3647 
1105 1377 
1283 4099 
3135 4381 
1967 2993 
4936 4967 
267 4558 
4821 4899 
2347 2634 
4999 4999 
412 4772 
307 4696 
3252 3939 
2199 4920 
4396 4949 
1856 2365 
2197 4573 
516 4626 
2670 3546 
4933 4959 
2221 3645 
15 3516 
935 2882 
3721 4009 
2394 3063 
327 370 
4774 4786 
4414 4896 
1086 2227 
4728 4866 
1033 3777 
404 2570 
1075 4367 
1251 1964 
3692 3971 
554 4732 
4518 4951 
853 3415 
117 2643 
3427 4062 
299 2037 
3628 3884 
3615 4908 
2869 3430 
4217 4961 
1879 4750 
1636 3137 
4868 4904 
3696 4115 
401 4403 
4293 4674 
937 2137 
3178 3229 
2930 3938 
2716 3057 
2526 2583 
1800 2550 
4475 4541 
587 4683 
3251 4076 
1638 3181 
4569 4881 
932 2352 
2503 3407 
3615 4892 
2561 4791 
2874 4023 
3990 4269 
4191 4937 
3023 4019 
1388 3788 
3566 4739 
3463 4376 
2323 3871 
540 3762 
40 2620 
3396 4131 
4129 4463 
1757 2685 
3623 4633 
1756 2097 
3079 4247 
3662 4233 
2325 4815 
4704 4964 
2397 3470 
961 1264 
4863 4995 
1734 3040 
4677 4903 
4940 4973 
1197 1918 
2315 3295 
2047 4204 
2444 2568 
3540 4322 
187 899 
2416 2941 
4148 4430 
4293 4338 
904 2089 
1082 2113 
1977 3646 
4242 4423 
2504 2869 
3349 3400 
931 1613 
1183 3044 
3927 4763 
2849 4181 
3616 4895 
796 935 
4695 4916 
4250 4594 
3669 4238 
1003 3772 
3868 4190 
2684 4823 
4042 4899 
2251 4431 
2955 2999 
3601 4803 
1638 2103 
3344 4917 
2619 2637 
2052 3319 
2125 4983 
3534 4516 
2060 4469 
1427 2136 
3766 3984 
4357 4942 
659 4528 
541 2394 
2845 3159 
3814 4737 
4598 4930 
702 2609 
4414 4639 
2173 2523 
3915 4994 
992 2624 
1755 4718 
1279 1386 
3495 4395 
1844 2687 
925 2548 
520 1529 
2028 3890 
250 983 
2205 3747 
3648 3852 
2062 3699 
3934 3945 
4359 4661 
2178 3177 
749 1695 
4641 4928 
3410 4543 
2746 2798 
1583 2302 
1873 3874 
1612 3340 
39 550 
4171 4407 
2388 3137 
3411 3490 
2273 4090 
2073 4208 
2231 3001 
1647 4434 
444 4020 
3855 4193 
3193 3816 
2033 2221 
3498 3697 
3109 4180 
353 2644 
2360 2671 
2772 2901 
4151 4877 
3643 4070 
3587 4187 
940 3666 
1998 4881 
4979 4993 
4567 4774 
1813 4276 
3668 4645 
4423 4425 
4062 4659 
1735 4522 
4293 4734 
1097 1541 
3879 3913 
2858 4773 
2791 4190 
2840 4041 
2248 3644 
2643 2821 
3445 3553 
898 925 
3826 4242 
3975 4807 
2079 3402 
3 3316 
2314 4389 
4838 4922 
245 3448 
1113 4737 
4679 4844 
597 1483 
346 4089 
3850 4019 
3326 4023 
2478 4971 
2505 3901 
3187 4208 
3710 4264 
3186 4834 
3762 3868 
3718 4708 
994 3605 
4736 4962 
4231 4383 
843 3792 
2182 3251 
276 859 
255 3612 
3033 4173 
4390 4779 
3391 4335 
1150 3382 
374 4245 
3563 4687 
4380 4413 
216 3342 
4856 4867 
4342 4951 
4225 4693 
3383 4224 
4532 4638 
4045 4237 
3417 4997 
4092 4347 
2025 3942 
3953 4611 
4006 4521 
4212 4830 
3092 4139 
4637 4797 
4671 4810 
4487 4766 
3359 4943 
867 1551 
2946 4144 
4855 4880 
3966 4471 
2345 3903 
623 2162 
1227 4483 
4186 4570 
4807 4935 
4718 4896 
2336 3816 
3840 4816 
2427 4127 
1465 4323 
4185 4319 
3988 4787 
4009 4890 
4625 4937 
2901 3771 
2834 3933 
2205 3489 
1664 1945 
3269 3440 
1080 2282 
1438 4907 
2278 2940 
3903 4613 
4363 4876 
2694 4131 
4371 4523 
1605 4077 
927 2608 
4843 4965 
1538 2371 
4693 4766 
1209 2391 
706 4945 
3429 4000 
617 3890 
3989 4152 
1556 2741 
3899 4404 
4201 4380 
626 2411 
2173 3779 
3037 4964 
2128 4136 
3457 4934 
2912 3004 
3249 3954 
2301 2650 
1204 4360 
1290 3952 
1223 3607 
1090 2510 
2192 2408 
298 4000 
778 2404 
4364 4407 
4782 4984 
1993 4648 
945 2484 
3143 4273 
4574 4948 
2247 4995 
4598 4934 
2575 3533 
4269 4647 
3119 3190 
350 4460 
2092 4489 
1822 4373 
4508 4890 
3335 3346 
713 2949 
3433 3512 
4769 4971 
1845 3903 
251 1201 
3932 4308 
959 1613 
1528 4951 
3088 4882 
4691 4752 
3724 4862 
3459 3896 
1588 4137 
1860 4848 
3061 4615 
2925 4872 
3242 4685 
4832 4949 
621 4891 
4392 4874 
1662 3096 
4012 4055 
947 4200 
1289 4764 
402 2275 
2564 4431 
4171 4961 
4163 4528 
62 592 
3380 4041 
3469 3498 
1827 3330 
632 4931 
2890 3272 
1353 1759 
4465 4634 
4975 4992 
991 1480 
846 3824 
3864 4902 
3792 4791 
1680 3344 
616 3513 
3801 4789 
4512 4937 
3449 3465 
3368 4271 
2947 3462 
509 3003 
62 1834 
413 4741 
2672 3453 
1920 3397 
4924 4944 
374 4140 
1832 3434 
1576 2843 
885 2322 
3457 3476 
4504 4512 
3339 4627 
224 746 
4555 4944 
920 2706 
4843 4942 
2651 3312 
2390 4916 
2576 3219 
4514 4669 
2340 4243 
4650 4765 
4591 4960 
3930 4186 
791 4031 
254 4043 
2668 2893 
1239 3917 
514 2362 
771 2518 
4816 4820 
4224 4597 
4480 4926 
2081 2920 
1236 3565 
3690 4047 
1268 4810 
4206 4972 
2780 4333 
1305 2593 
154 1932 
1612 3598 
3628 3781 
1195 3626 
1230 3212 
110 3555 
1704 2464 
2749 4103 
4631 4846 
3884 4891 
1474 3802 
1962 4601 
4944 4996 
1561 3113 
383 707 
510 4920 
21 4011 
2442 4656 
3795 4523 
2276 4879 
2880 4956 
2674 2674 
2664 2711 
4778 4877 
1252 4204 
1287 1456 
522 4921 
933 4130 
903 4146 
1896 4762 
1581 3694 
1025 4431 
4621 4876 
2051 4353 
3262 4773 
3444 4043 
325 1419 
1934 3511 
962 4392 
2310 3113 
3247 4908 
1264 3265 
1228 3749 
1607 3243 
3645 4521 
4869 4937 
1898 2141 
622 4615 
1247 2083 
4020 4220 
4097 4365 
773 3682 
4574 4724 
4725 4838 
2981 3693 
3723 4463 
3741 4163 
4206 4234 
1154 4933 
1153 4062 
3554 3904 
4028 4300 
2339 4324 
3416 4866 
3333 4257 
4304 4956 
4404 4611 
1778 2336 
1158 4855 
4350 4817 
1534 4772 
4461 4636 
660 1465 
115 4539 
4482 4969 
4750 4817 
3560 3606 
4419 4854 
282 2415 
4692 4866 
1413 4392 
2539 4317 
1055 3914 
3928 4169 
3526 4517 
3182 3730 
3868 4270 
4568 4637 
2731 4199 
3669 4073 
3813 4842 
2794 3573 
2835 4715 
294 1465 
1860 2151 
4167 4899 
3280 4311 
1676 4537 
2804 4268 
876 4599 
2592 2734 
1599 3700 
1148 2466 
3088 4362 
4565 4580 
4970 4994 
1444 4306 
2987 3230 
3350 3975 
694 3984 
2533 3606 
4089 4095 
3829 4366 
828 4119 
4733 4963 
1252 2046 
4762 4924 
4255 4817 
4397 4416 
4242 4551 
2802 3522 
2084 3932 
4237 4381 
1992 3744 
69 302 
1366 1384 
3792 3793 
3422 3676 
2626 4832 
4790 4869 
714 2796 
82 1643 
4086 4744 
4351 4866 
1282 2410 
55 3287 
1131 4688 
295 2628 
4315 4806 
143 4934 
4381 4504 
3950 4844 
2886 4529 
2969 4801 
420 3894 
4573 4777 
2625 4828 
3131 3785 
4264 4641 
4130 4491 
3971 4292 
3314 3819 
3406 4052 
4950 4989 
1768 3371 
1274 3373 
1850 3285 
2099 2620 
3048 3787 
1662 4689 
1763 4001 
4007 4162 
2335 3405 
1169 3564 
3942 4346 
2743 2934 
3147 4026 
1046 2983 
159 2644 
2008 2214 
4228 4411 
1721 2607 
4634 4637 
4718 4906 
433 3935 
1153 3709 
2054 4384 
3074 4610 
3835 4443 
251 2346 
2487 4821 
4104 4457 
4977 4986 
4671 4950 
1343 4172 
4532 4847 
4288 4697 
733 1843 
2974 4249 
1086 1748 
2692 4966 
2705 4626 
1723 4378 
3976 4166 
141 3885 
3238 3515 
1905 5000 
919 2489 
2203 3504 
2887 3540 
4358 4559 
1623 2033 
2976 3071 
3303 4073 
785 4663 
2202 3379 
989 3460 
4859 4972 
1878 4604 
610 2865 
1001 2973 
4225 4695 
4788 4838 
3852 4959 
4875 4942 
2004 4067 
4843 4962 
2842 4333 
4874 4940 
3906 4806 
963 3874 
4665 4722 
999 3163 
2250 4053 
2236 4309 
1388 4162 
4582 4670 
4987 4990 
3233 4128 
453 2476 
352 3618 
1576 1830 
1868 4073 
2221 4664 
2313 4653 
2001 2043 
4409 4911 
988 4862 
2124 2978 
3185 4146 
3661 4169 
1181 3653 
283 2263 
2738 4173 
1211 2480 
1692 2234 
4863 4871 
534 2841 
3696 4078 
3154 4284 
3645 4177 
2776 4525 
2160 4285 
1626 3442 
2144 2824 
2646 3796 
3465 4314 
4648 4916 
3841 3865 
475 2745 
4023 4967 
3879 4850 
4473 4828 
1901 2498 
2331 2484 
4605 4648 
2197 3134 
3524 4562 
3726 4012 
2336 3231 
2800 4730 
3133 4064 
1796 2725 
3499 4569 
1933 2554 
681 2345 
3156 4332 
3997 4109 
1401 3570 
1580 3566 
753 2584 
4122 4713 
3800 4250 
2822 3855 
319 580 
3297 4595 
545 852 
2622 3558 
2729 3199 
4389 4656 
4662 4992 
3293 4488 
3727 3731 
718 1478 
1531 2124 
316 489 
4439 4899 
1287 2892 
2798 3414 
1457 3496 
341 793 
513 1585 
346 1444 
2773 3944 
4668 4863 
3746 3823 
1490 4300 
4963 4974 
1115 1728 
3510 4141 
4228 4993 
1812 3091 
1703 3706 
3838 4709 
97 4008 
4480 4930 
815 1006 
1140 4735 
1680 3431 
1374 3425 
2568 3966 
3806 4598 
299 807 
2331 2931 
475 585 
3081 3196 
4686 4944 
3249 3482 
4645 4767 
4762 4978 
768 2995 
3209 4208 
3951 4795 
4723 4963 
198 2563 
2476 4936 
1980 2720 
1426 1737 
4835 4910 
3834 4501 
1856 2260 
362 2121 
8 3802 
2184 3121 
2626 4663 
1762 3354 
2963 4177 
4095 4394 
3065 3595 
2736 3783 
3382 4685 
2366 3891 
1178 1811 
2293 3840 
814 4507 
2740 3504 
851 4618 
322 4036 
2790 3170 
213 368 
3962 4453 
65 3082 
2162 3497 
4336 4424 
348 2886 
1522 2489 
3000 4843 
384 4149 
561 3707 
259 1062 
2857 4416 
72 2097 
984 4333 
2124 4585 
194 3236 
1802 1882 
1017 1648 
4571 4707 
3301 4855 
51 1008 
2616 4525 
2705 3521 
2574 4740 
4126 4511 
2798 3915 
1400 4653 
4192 4383 
1767 3133 
152 4731 
3540 4555 
3424 3516 
1135 2153 
381 2926 
1610 3004 
2228 3667 
3060 4333 
4480 4885 
1773 2383 
186 1105 
1080 4487 
4807 4976 
2913 3532 
4357 4842 
2057 2942 
1392 3661 
2113 3876 
92 1433 
3488 3567 
1578 4497 
812 1783 
4770 4840 
89 843 
4506 4638 
1881 4463 
1265 4216 
3517 4000 
3429 3758 
2007 3249 
2095 4084 
4871 4965 
3086 4084 
2535 3475 
3359 4049 
479 1496 
847 4331 
3831 4210 
4513 4818 
2888 4522 
706 4425 
656 3967 
3426 3753 
2958 3484 
2904 4313 
2173 2490 
1965 3872 
2887 3879 
2411 4382 
1497 4400 
1829 4182 
3779 4239 
672 3008 
1270 1319 
3462 4894 
1727 2514 
844 3571 
3054 4178 
1257 4692 
869 909 
3825 5000 
3252 3447 
3908 4886 
1752 3634 
3859 4269 
431 2579 
4379 4541 
4439 4439 
676 4870 
988 4649 
1475 3840 
4851 4880 
1465 1929 
2154 3982 
1753 4046 
3936 4775 
4902 5000 
1836 4872 
3595 4929 
2146 2707 
4673 4748 
1222 4575 
117 1361 
638 4640 
4979 4998 
1145 2649 
3845 4157 
679 2030 
2620 2832 
3801 4155 
4775 4888 
576 3275 
2242 4694 
1127 4142 
3385 3670 
778 2778 
2738 2967 
1889 2422 
1672 2421 
1357 2491 
2900 2912 
4794 4807 
1298 2858 
4928 4946 
2265 4295 
3287 4320 
4993 4997 
1306 2472 
4135 4607 
59 3703 
3492 3723 
3887 4668 
782 3273 
1047 2463 
2613 4775 
628 2703 
4936 4954 
593 1348 
1770 2216 
1574 4796 
1911 2601 
1718 3527 
4080 4763 
818 943 
1307 4276 
1807 4052 
2045 3347 
1442 4729 
2424 2773 
2712 4966 
486 1120 
1980 3329 
3991 4094 
654 1745 
1341 2006 
854 3661 
4429 4574 
3440 4663 
3592 4740 
1533 4283 
14 2775 
2294 3086 
826 3031 
2977 4806 
3565 4926 
2088 3915 
763 1585 
1406 2970 
648 792 
1314 3256 
1382 1908 
4683 4910 
2214 4891 
297 1396 
2227 3015 
3567 4448 
3693 4914 
760 2640 
3525 3798 
751 4820 
2735 3025 
2498 2632 
4266 4905 
4989 4998 
1462 2014 
4341 4692 
1334 2996 
1048 3540 
1908 4194 
4776 4863 
352 4101 
895 4039 
1119 4514 
1032 2013 
2570 4851 
4479 4851 
2492 2524 
4607 4838 
2583 3566 
2005 4022 
1649 4748 
2813 3259 
626 2666 
4690 4869 
4908 4988 
3116 5000 
801 1677 
4060 4119 
1784 4673 
4596 4731 
4033 4757 
10 4664 
1110 2201 
4055 4703 
2783 3447 
387 984 
537 1328 
4107 4113 
3426 3977 
1842 4024 
1105 4587 
774 4661 
1187 2227 
4628 4727 
3076 4784 
1317 3283 
3913 4227 
2964 4669 
343 2712 
3217 3238 
809 4343 
1275 3876 
3884 4157 
4078 4364 
4277 4460 
2415 2777 
4774 4787 
4595 4790 
4328 4419 
2215 2616 
1203 3361 
137 3686 
1797 3885 
4046 4252 
4012 4736 
2567 2749 
2325 4144 
3136 4160 
2203 3615 
2503 4892 
1890 3836 
4759 4934 
3136 4837 
3564 4848 
166 2879 
4413 4587 
3484 4712 
3660 3808 
2430 2938 
3957 4318 
4848 4970 
2766 3938 
416 1254 
2869 3851 
2353 3898 
4793 4799 
2185 2188 
4339 4812 
4412 4860 
671 1952 
4446 4607 
1823 4037 
4915 4978 
3241 3826 
1765 4153 
921 4300 
1852 4331 
3132 4946 
3017 4155 
4748 4981 
2493 3418 
467 1080 
3365 3881 
813 3534 
4363 4450 
1809 2088 
2809 4425 
3364 4850 
2266 4909 
2848 3566 
3382 4260 
2843 4393 
3730 4223 
3229 4519 
1318 4143 
813 2040 
4688 4957 
1477 3439 
4871 4946 
1942 2110 
110 3607 
2959 4469 
3854 4694 
991 2553 
4444 4535 
3298 4386 
36 1135 
4090 4120 
4825 4890 
2987 4315 
1426 2653 
2728 3163 
1967 4692 
3732 3857 
3464 3499 
370 601 
4882 4931 
1572 2784 
4447 4645 
1180 4206 
2000 2550 
4379 4434 
2057 4624 
4106 4112 
3034 3442 
1588 4359 
525 2042 
3586 4082 
1428 3568 
3189 3320 
2269 4490 
4901 4952 
656 1785 
2618 4614 
2793 3565 
860 3165 
1447 2896 
4841 4964 
3857 4674 
1881 3107 
2522 4800 
4223 4278 
3006 4582 
765 4496 
775 3339 
4279 4814 
3855 4360 
529 3322 
4127 4531 
3087 4612 
4206 4832 
4436 4507 
2080 4928 
492 1453 
12 1783 
3874 4569 
479 2567 
135 3829 
1007 2281 
127 3671 
3635 4457 
1945 2882 
1507 3699 
723 3546 
3671 4668 
4498 4512 
3376 4100 
222 490 
4630 4718 
4706 4752 
2680 4486 
507 1815 
3497 4433 
1178 2482 
2876 3022 
4570 4932 
3194 4912 
929 1952 
2063 4607 
4315 4748 
1322 4832 
2000 2638 
3638 4305 
926 2972 
1662 3223 
3898 4512 
3538 3854 
3120 4528 
2843 3001 
2172 2733 
3381 4479 
663 1999 
1393 3833 
3908 4449 
2501 3987 
322 1767 
3087 4839 
826 3201 
4551 4893 
4255 4705 
58 1285 
1642 4581 
2972 4591 
3732 4538 
4597 4913 
3929 4178 
3840 4992 
668 3875 
1771 4167 
93 4139 
1228 3367 
1626 2076 
79 1209 
258 2652 
3877 4169 
3036 4541 
3155 3643 
3981 4623 
1984 4447 
1767 4035 
2159 3049 
279 524 
905 2883 
1321 1981 
4075 4233 
1622 2477 
1678 4840 
3002 3283 
1488 1534 
523 3706 
3418 4520 
4156 4356 
1210 3667 
338 4561 
2136 4189 
174 3068 
4185 4922 
3653 4955 
1851 3036 
1782 3836 
4757 4815 
527 2731 
4254 4500 
1352 3979 
2934 4049 
4714 4953 
801 3078 
4581 4996 
3847 4058 
2855 3195 
1159 4102 
1115 1166 
1921 2449 
1308 2967 
3483 3542 
644 4294 
1280 1377 
815 4197 
4912 4956 
1678 4695 
438 2351 
3187 4379 
1096 4063 
3559 4116 
1818 2265 
3727 4669 
1314 4493 
4885 4948 
2721 3100 
3978 4312 
3882 4054 
1912 3078 
4938 4970 
677 2200 
4911 4927 
1273 4830 
3089 4303 
552 903 
3760 4245 
1596 3944 
2039 4537 
3302 3444 
881 2890 
4347 4817 
2137 3656 
2370 2562 
3374 4204 
1702 3418 
590 2103 
3795 4241 
584 2105 
4961 4973 
4837 4882 
1749 1750 
379 3033 
3932 4083 
4520 4522 
1824 2379 
4503 4575 
2804 3053 
1789 3762 
3494 4253 
1945 2866 
2741 4865 
3548 4736 
3071 3905 
1032 2186 
1231 4856 
4230 4356 
3958 4158 
3002 4712 
3417 4345 
621 2441 
4137 4948 
2716 4431 
3357 4416 
3872 4318 
3948 4682 
608 3409 
4819 4913 
4718 4828 
4115 4504 
3438 3640 
3644 4926 
585 4329 
2540 3781 
4774 4849 
4841 4889 
414 3028 
4996 4997 
3779 4441 
4005 4162 
21 4253 
4351 4893 
424 3778 
1491 4615 
422 3786 
1922 2646 
4056 4658 
366 4971 
4371 4864 
892 1995 
2494 2801 
356 4024 
2648 3066 
2793 2967 
1733 3567 
4978 4981 
3466 4006 
935 1181 
772 861 
1175 4935 
1511 4556 
2651 4154 
3048 3567 
3136 4968 
124 3659 
2970 3993 
3892 4074 
2201 2723 
4013 4034 
242 4626 
832 2587 
1185 2991 
1104 1201 
153 2070 
4138 4983 
1351 3109 
2079 4155 
1374 3198 
2073 4709 
4985 4991 
3422 3590 
3885 4198 
1030 3929 
4762 4899 
4370 4562 
3124 4854 
3988 4845 
11 1539 
4247 4666 
3496 3780 
2750 4024 
1933 2646 
4477 4755 
1529 3679 
549 1454 
3 701 
3127 3714 
1765 4083 
994 2264 
1702 2539 
4642 4930 
2202 3950 
4132 4514 
2650 4181 
2123 2440 
3984 4964 
3306 4907 
1622 2729 
2213 4414 
3078 4401 
4596 4675 
3775 4955 
1112 4185 
1535 4962 
783 1588 
881 1245 
1794 2315 
2951 3792 
1516 4678 
1767 3119 
3795 3795 
2682 3545 
3726 4468 
2991 3004 
3267 3613 
2192 3707 
4188 4348 
3703 4339 
2101 4066 
2853 3861 
2989 3652 
3962 4680 
4444 4612 
947 1113 
1301 1301 
4010 4642 
3564 3573 
1378 1902 
4004 4292 
279 4975 
3513 3755 
3632 3885 
4859 4919 
301 2819 
4067 4822 
3287 4458 
1907 2335 
772 1347 
3210 4100 
4789 4938 
803 1640 
3102 4663 
575 4784 
263 739 
841 2677 
4827 4906 
2525 2641 
3444 4072 
3032 3583 
4856 4946 
1653 3586 
164 2930 
3347 4830 
1843 3578 
786 4622 
2439 3015 
4852 4852 
449 4721 
1960 3856 
3725 4810 
4376 4687 
3190 4529 
4982 4993 
2059 4085 
4024 4113 
1899 2177 
552 567 
3506 3706 
1100 3318 
224 2739 
713 1157 
4046 4149 
4410 4925 
1215 3978 
1303 4163 
3644 4013 
882 1020 
2726 4729 
4231 4434 
4328 4996 
19 2286 
3159 3518 
4610 4941 
4438 4724 
2789 3492 
789 1351 
1712 2645 
4236 4831 
1217 2855 
3299 4854 
3909 3941 
2857 2879 
2233 4716 
1275 2055 
3309 4405 
3261 3628 
238 341 
1740 2426 
3233 3454 
1862 4887 
163 1334 
507 1450 
4287 4669 
2422 4076 
1840 3341 
473 1010 
4447 4638 
247 4159 
3666 3812 
3107 3156 
1727 3135 
1411 4441 
3834 3852 
637 4489 
4468 4804 
1459 4666 
4648 4785 
3555 4842 
642 1495 
1913 2309 
2881 3922 
758 2350 
2636 3895 
1963 4757 
2664 3480 
1857 4319 
4408 4509 
2442 3094 
2947 4582 
1756 4217 
416 4926 
4293 4595 
2209 4584 
3862 4992 
639 4310 
350 1168 
1901 4800 
89 1263 
3706 4793 
2578 3061 
457 461 
3271 4958 
1794 3421 
1525 2204 
2404 3155 
4514 4939 
3027 4226 
1446 4291 
1875 2498 
2985 3097 
1750 1994 
3407 4856 
1579 1700 
3900 4281 
1103 4941 
2287 4942 
3674 3840 
1548 3260 
3341 3427 
1146 3168 
3474 3924 
4151 4151 
3035 4016 
2738 3721 
3636 4984 
3181 3533 
815 4054 
1529 2749 
2439 3588 
3749 4379 
2680 3236 
1614 3579 
1981 4203 
1790 3354 
551 3057 
3657 3752 
392 3126 
1714 3715 
4243 4688 
4982 4987 
2438 4689 
1140 3759 
3304 3396 
2706 4213 
3818 3919 
4972 4984 
3413 4422 
1731 3776 
556 4251 
1157 4168 
474 1349 
2937 3313 
1331 4997 
3253 4012 
626 4763 
3766 4382 
4520 4833 
4428 4794 
3996 4850 
87 3412 
451 3795 
3732 4808 
399 2533 
4177 4622 
4898 4936 
3170 4762 
412 1705 
2335 3549 
1878 4269 
1207 4106 
3552 3616 
4794 4926 
2305 4937 
343 1719 
2936 4823 
2896 4056 
3370 3689 
2373 4688 
777 3565 
3526 4980 
3433 4580 
944 2798 
4719 4761 
4557 4968 
2424 2700 
4277 4898 
4677 4908 
628 2246 
4677 4880 
375 2194 
3455 3563 
3149 4210 
3694 4368 
2298 3586 
3571 3786 
282 1369 
4779 4996 
308 1401 
3379 4456 
520 1448 
2218 3015 
1594 4461 
763 2698 
2608 2967 
3694 4826 
665 1855 
3771 3950 
1797 1815 
512 1907 
1959 4805 
1193 3731 
3945 4595 
1242 2502 
3084 3407 
2825 4380 
3888 4403 
2969 3659 
3229 4484 
3085 4222 
4147 4876 
3216 3751 
2045 4219 
3360 3530 
1892 3996 
209 2569 
2625 3610 
1675 4240 
2611 4214 
4216 4236 
4387 4666 
4578 4783 
3277 4376 
3584 4600 
2875 4275 
3414 4456 
1791 3425 
3205 3679 
4778 4953 
264 1793 
3290 3335 
2821 4540 
2683 3274 
1969 1974 
693 2370 
4516 4843 
3221 4226 
1611 2446 
1498 4761 
2702 4388 
4320 4474 
329 1204 
3556 3985 
2147 3712 
3076 4291 
2997 3695 
3888 4697 
2567 3548 
2427 3677 
1089 1287 
932 4190 
3406 4699 
4917 4964 
1267 3353 
631 2080 
1065 2683 
172 1868 
1390 2649 
3304 4831 
5 1551 
1317 4723 
735 4097 
2184 4982 
3985 4154 
1921 2259 
4139 4391 
2504 2881 
2732 4257 
31 3714 
1091 3804 
1894 4439 
3593 4696 
3633 4214 
4989 4994 
1121 4746 
1875 2573 
2601 4332 
4270 4872 
3202 3522 
3732 4576 
811 2083 
1716 2633 
3465 3551 
1195 3250 
4259 4892 
3445 4452 
3358 4021 
3128 4474 
2282 4640 
660 4159 
4715 4816 
2279 4864 
3085 4105 
2203 3705 
2084 3623 
3832 4860 
1322 2224 
1270 2478 
3540 4262 
4834 4876 
490 3422 
691 4540 
2170 2421 
1710 4212 
4982 4992 
967 3252 
1424 1832 
109 597 
1410 2407 
819 3047 
3724 4068 
1723 3196 
1231 2634 
2972 4201 
3313 4178 
4463 4919 
4582 4931 
3509 4150 
1937 4089 
3888 3905 
4625 4927 
1608 5000 
2707 4673 
2921 3726 
1307 4702 
1572 4536 
1363 4555 
2185 2295 
2277 2403 
4121 4635 
1362 3258 
257 501 
982 4763 
4867 4976 
3256 4499 
3799 4120 
3365 3934 
3697 3788 
4722 4812 
1605 4059 
3838 4993 
507 4744 
1515 3910 
2315 4293 
1084 2124 
561 3315 
156 3175 
656 2827 
1163 1386 
1432 3353 
3981 4701 
610 4039 
3313 3703 
4284 4950 
3829 4553 
3625 4674 
4611 4699 
1674 1896 
2713 3050 
302 4981 
2588 3205 
4168 4865 
1600 4583 
4920 4975 
2227 3383 
2555 4750 
4757 4802 
3923 4872 
3328 4694 
955 1570 
3819 4678 
716 4211 
3187 4433 
4459 4630 
949 3718 
4438 4630 
680 2701 
1428 3769 
2280 3143 
1009 2457 
1588 2717 
303 3421 
4011 4619 
1862 3598 
1178 2680 
3710 4267 
3115 4534 
772 1770 
2881 3791 
4854 4881 
1897 4123 
1564 1721 
1540 4869 
3853 4962 
4738 4992 
4491 4681 
1908 3459 
2797 4037 
235 3655 
2088 2422 
1407 1742 
1785 2947 
3570 3846 
2103 2205 
2970 3036 
2732 4942 
3785 4206 
3245 4905 
3059 3738 
2022 2571 
668 1701 
1775 3075 
4858 4907 
3378 4431 
87 1028 
435 4424 
4566 4729 
3641 3874 
3966 4435 
1903 4315 
3823 3843 
4703 4989 
2347 2768 
1081 4548 
514 965 
4299 4970 
4947 4977 
2653 3283 
2282 3406 
4446 4796 
4061 4717 
1101 1506 
4329 4669 
628 3370 
1511 2311 
2399 3295 
897 1586 
3930 4281 
318 948 
407 4901 
3063 4041 
956 3028 
3892 4962 
4829 4976 
282 4956 
3570 3580 
2437 3672 
2088 2472 
2089 4818 
3558 4133 
4811 4816 
102 4874 
1366 4933 
390 2507 
1804 4793 
817 4872 
2020 3984 
2511 3019 
3936 4945 
2137 4437 
2244 4715 
2140 3969 
3547 3638 
965 3307 
4365 4964 
4134 4411 
1851 4859 
1990 2192 
4995 4997 
1378 4833 
4900 4944 
3081 3823 
19 2883 
295 3323 
2160 3880 
1747 3467 
2310 2755 
1605 3995 
349 4398 
2469 3758 
539 4482 
3085 3194 
1099 4937 
3783 4005 
3778 4366 
925 3717 
3657 4486 
3205 3971 
460 2481 
537 1289 
1156 3143 
3639 4740 
2168 3541 
701 1144 
760 3945 
3665 4919 
4511 4598 
972 1346 
928 1868 
970 1010 
4130 4408 
3124 3357 
3232 3599 
4456 4712 
3433 4130 
1340 2211 
3655 4337 
1146 4421 
2880 3001 
4948 4995 
1739 1973 
4583 4590 
3806 4225 
2900 4227 
3768 4616 
3971 4132 
4193 4804 
670 1232 
2975 3109 
419 3383 
2438 4856 
1883 3721 
3739 4863 
1700 3174 
3917 4448 
2677 2712 
1424 1545 
4413 4691 
113 2321 
3972 4764 
2201 2714 
158 1737 
3490 4073 
1808 2162 
2764 4472 
2144 4862 
460 736 
739 3151 
1736 1804 
2903 3784 
4762 4776 
541 4752 
795 1146 
2857 4476 
4078 4781 
4107 4948 
2637 4064 
4873 4983 
982 2855 
701 4734 
4116 4827 
3150 4808 
1870 2566 
29 2334 
4691 4735 
2145 2738 
3532 3615 
4628 4736 
2240 2671 
995 3265 
4807 4869 
2136 3907 
1370 1881 
4228 4898 
3850 4894 
246 332 
3072 4802 
1050 4223 
3361 3814 
2478 4403 
1020 2788 
3295 4949 
4004 4153 
759 1373 
4448 4827 
2870 3120 
1900 3636 
4326 4622 
4782 4857 
3758 4420 
421 1998 
3259 4346 
3025 3610 
342 1498 
2409 4677 
515 4831 
922 4792 
4605 4670 
599 2077 
1131 4647 
1910 3033 
4987 4995 
2684 4591 
4033 4755 
2967 4690 
1013 2930 
3051 3530 
1705 4733 
4136 4361 
4089 4280 
4821 4971 
1018 2822 
4013 4667 
4572 4866 
106 1695 
41 1107 
3020 4346 
11 3085 
3762 4847 
1574 2101 
4722 4912 
668 2871 
4892 4925 
4162 4167 
2050 2509 
1636 3496 
4900 4961 
535 4923 
2210 4631 
3276 4523 
437 2361 
4535 4951 
2716 3654 
2587 3309 
1412 3615 
2371 3297 
4479 4713 
1038 2424 
4866 4941 
3394 4048 
1330 1662 
3675 4456 
4377 4581 
1641 3110 
1266 2353 
1100 4532 
4055 4084 
250 3885 
238 4577 
406 2611 
1460 4689 
866 3690 
4940 4988 
2593 3289 
3929 3948 
4 2173 
1462 2811 
1085 2122 
1616 3302 
981 3471 
3109 3602 
2828 3530 
75 2149 
2068 3089 
2748 3000 
2658 3112 
3481 4104 
283 2981 
1271 2157 
2895 4593 
245 3841 
686 4562 
4098 4909 
4896 4932 
2882 4174 
363 1026 
4493 4836 
2304 3276 
2141 2435 
3504 4560 
4875 4894 
3478 4660 
3844 4450 
4865 4895 
1392 2980 
4035 4165 
4503 4749 
494 2426 
4537 4855 
468 2059 
2530 4674 
4370 4674 
238 1480 
2999 4097 
3078 4405 
2973 3599 
2896 3448 
511 4771 
480 4079 
1736 4621 
2025 4784 
4365 4384 
1706 2443 
1616 4245 
3320 3441 
4935 4958 
1698 3636 
2077 4681 
4227 4261 
2296 2509 
4913 4940 
4831 4881 
969 1470 
3959 4365 
2197 3795 
902 1631 
3872 4072 
2724 2965 
3845 4854 
392 4014 
279 4076 
1094 3119 
1334 2842 
3046 3359 
61 4794 
88 1630 
1632 1866 
1078 3025 
283 2572 
4614 4701 
4689 4891 
434 2979 
4537 4795 
4820 4989 
3005 4168 
4861 4946 
4656 4875 
2888 4646 
3286 4005 
635 4989 
3248 3294 
1612 2121 
991 2820 
2294 4531 
3652 4072 
3706 4712 
4183 4476 
3228 4426 
4532 4975 
4989 4994 
3547 4264 
4791 4866 
4426 4728 
4025 4282 
2528 3043 
1235 1312 
1037 4078 
3989 4353 
3511 3760 
972 1941 
1699 3228 
276 1136 
1360 3889 
768 893 
1935 4522 
986 3738 
4917 4985 
2317 4301 
2809 3342 
40 4001 
509 4013 
2442 3174 
2310 3258 
196 4038 
615 3012 
1324 2020 
32 4862 
377 3647 
2358 4871 
4211 4505 
1151 3570 
2794 2867 
3004 4036 
3127 3157 
2044 2485 
2591 4463 
848 2758 
4471 4522 
1884 4693 
4253 4684 
3631 3738 
4607 4639 
238 3441 
1098 1299 
2206 3514 
1243 1908 
1431 2982 
1651 2117 
4633 4667 
4985 4987 
4062 4293 
4733 4946 
3762 4289 
620 2597 
3907 4223 
3239 3349 
3497 4574 
4979 4990 
1931 2375 
2658 3267 
3503 4881 
2653 3224 
2965 4032 
2288 2536 
4899 4944 
150 203 
1449 2392 
3331 4067 
3542 4747 
1137 1538 
1412 1765 
196 2540 
4232 4966 
4599 4666 
3467 3475 
3285 3995 
2278 2961 
3943 3947 
803 2507 
25 1091 
4637 4693 
4534 4791 
1739 1869 
2021 3142 
3433 4950 
613 4832 
466 2887 
3022 4665 
2620 4724 
3689 4007 
1931 3089 
4599 4886 
1418 2804 
999 2411 
2618 4765 
1905 4481 
3758 4567 
1066 2655 
2389 2492 
2994 4996 
3578 4097 
2822 3591 
4451 4931 
312 3026 
1304 2613 
487 3358 
2137 4747 
3226 4360 
4546 4776 
77 4022 
4207 4826 
79 299 
4283 4754 
4733 4798 
1316 1807 
2027 3032 
4776 4846 
2018 3839 
3754 4872 
2501 2616 
1335 4915 
908 3955 
3239 4616 
2111 2736 
3791 4229 
1789 3196 
4737 4903 
2 2542 
4201 4921 
3253 3576 
7 250 
4611 4731 
3913 4624 
4736 4801 
3918 4630 
3719 3884 
4364 4368 
324 1463 
979 1222 
2837 4981 
302 2255 
1160 4626 
3385 4678 
1281 4271 
356 687 
1141 4548 
3863 4829 
225 4825 
2266 4545 
3181 3216 
1732 3480 
509 1876 
4671 4814 
2620 4587 
4052 4926 
4689 4938 
711 3335 
3447 4896 
4915 4997 
2669 3153 
2999 3152 
2252 4555 
723 1491 
3038 3953 
2999 4804 
807 2370 
1465 4211 
2506 4408 
4504 4898 
1236 3585 
2514 2836 
300 3745 
3951 4722 
2171 3327 
998 1066 
3807 4233 
3305 3525 
2824 2876 
649 907 
3926 4459 
75 1791 
2843 3144 
4443 4854 
2127 3624 
3400 3916 
3260 3748 
3926 4111 
4351 4508 
3805 4744 
3460 4253 
1973 3854 
4652 4873 
534 2289 
1636 3217 
3507 3591 
1551 4909 
3190 3612 
3059 4455 
569 901 
2098 3779 
3627 4144 
1103 4812 
4896 4927 
122 4604 
2622 2934 
216 2114 
4343 4569 
2813 4356 
281 2769 
2903 3409 
288 1805 
3903 4143 
337 2396 
1030 3657 
3327 4623 
1866 2167 
3628 4449 
4750 4776 
3525 3742 
419 2751 
3665 3665 
4814 4944 
2482 3582 
4253 4839 
3678 4437 
1498 3385 
891 2007 
4796 4971 
3742 4063 
3372 3472 
4837 4888 
1458 3814 
1163 2791 
4538 4730 
4278 4980 
3434 4461 
4064 4985 
3497 3781 
3908 4391 
3048 4116 
3189 4959 
3363 4481 
3656 3735 
328 3589 
4324 4425 
455 1584 
4830 4892 
2579 4178 
176 2400 
756 2243 
4027 4551 
2209 2968 
1525 3553 
693 1769 
3274 4197 
4217 4607 
2044 4726 
3219 4561 
1576 3615 
2740 4137 
2480 2873 
152 3472 
3707 4935 
16 1034 
2502 3837 
3269 4344 
3778 4540 
2190 4744 
4097 4195 
1956 3190 
1137 1783 
611 4218 
608 1227 
835 1858 
3398 4905 
2908 3645 
3591 4890 
1847 2727 
4698 4816 
1531 4821 
2893 4367 
1069 4573 
642 5000 
3893 4387 
4846 4946 
3460 3750 
1066 1652 
2687 4477 
1303 3966 
3152 3572 
4823 4934 
4676 4747 
3969 4337 
4049 4053 
4187 4305 
3377 4997 
2483 4034 
4089 4811 
3070 3198 
4609 4774 
924 2754 
4247 4415 
612 3296 
2874 4046 
2381 4497 
2264 2358 
3145 3282 
2696 3160 
4932 4936 
795 818 
390 3175 
2015 2684 
3649 4680 
1979 3324 
2660 4713 
3941 4704 
1807 4627 
2311 2585 
3768 4596 
140 2719 
4336 4523 
4809 4849 
3022 4512 
2682 2804 
1317 4608 
283 571 
747 1291 
2641 3097 
2358 2849 
3302 3799 
197 2937 
2551 4763 
59 1850 
1481 2833 
1638 3427 
181 2210 
3206 3448 
950 4216 
3523 4551 
2743 2868 
3156 3994 
568 1430 
1833 2915 
3168 3467 
1049 4166 
466 516 
253 3230 
4321 4510 
541 2011 
3155 3858 
1794 4778 
2654 4547 
2584 2689 
406 976 
1057 4342 
480 3760 
270 2165 
3110 4240 
4422 4491 
2683 2869 
1884 4534 
2690 2741 
1086 2769 
1235 4558 
1348 2108 
1222 3960 
1975 2845 
1311 4457 
1492 4233 
1422 4584 
3574 3733 
2753 4684 
1028 4041 
1132 4836 
1437 2829 
1485 2850 
329 4742 
4646 4663 
768 2129 
1687 2870 
1191 3821 
4116 4916 
440 3567 
3284 3440 
3206 3618 
692 4369 
1671 2270 
294 4931 
3199 4600 
4068 4365 
3341 3789 
2068 4231 
3319 4745 
1320 3713 
335 2957 
4745 4912 
4287 4537 
680 4195 
4962 4979 
19 3769 
1224 3870 
726 4289 
1873 2844 
3807 4091 
4635 4951 
3724 4891 
2846 4423 
3980 4255 
1283 3863 
2233 2913 
1625 3914 
4206 4701 
4537 4722 
4596 4954 
1158 3468 
2769 4778 
2475 4587 
2749 4213 
818 1951 
721 3056 
4437 4949 
442 2674 
3161 4056 
483 4756 
1451 2548 
2172 4083 
2528 4226 
3495 4558 
1319 1392 
2325 2656 
2576 3516 
1488 1732 
4466 4863 
421 3816 
1298 4583 
910 1557 
936 4242 
4750 4753 
1654 3294 
4947 4949 
2994 3185 
1417 4483 
673 824 
2192 3821 
1195 4685 
2718 3215 
2670 4414 
2275 3495 
4858 4941 
4370 4794 
2395 3850 
891 1266 
1405 1457 
2767 3759 
4140 4209 
3877 4141 
606 1583 
4231 4646 
378 1017 
3304 3525 
4449 4680 
570 964 
4118 4371 
3786 3918 
1081 1586 
3962 4887 
4074 4099 
3322 4617 
1557 2291 
2821 3720 
4356 4930 
1511 2384 
4503 4719 
802 3507 
292 4233 
1848 3003 
2551 3391 
4884 4938 
3201 4195 
1470 2943 
104 2048 
3766 3904 
1239 3839 
1464 3081 
2116 4211 
2885 2999 
2393 2804 
3313 4642 
202 4584 
4012 4391 
3315 3595 
3428 3452 
4137 4140 
1489 3157 
2092 4138 
3260 4094 
190 2314 
4438 4960 
4400 4942 
1413 2658 
81 4072 
3445 4222 
1555 2841 
2146 4712 
178 4506 
2539 3002 
2573 4397 
3828 4655 
4337 4816 
3807 4255 
389 1247 
1031 2004 
2488 4790 
4944 4976 
10 1737 
1117 3874 
3754 4872 
664 1380 
3237 4756 
4888 4919 
1187 2652 
4330 4837 
4747 4894 
201 2067 
3040 3748 
543 4999 
3862 3950 
1370 4083 
2790 3858 
3394 3529 
4870 4884 
4909 4937 
4894 4961 
984 3379 
4709 4970 
3448 4159 
1809 4226 
1351 3823 
3013 3558 
254 1026 
3067 3264 
4178 4387 
4189 4334 
4327 4578 
615 2938 
2312 3946 
2569 4525 
4557 4782 
1687 4551 
2573 3963 
4857 4947 
4537 4637 
3355 3613 
4509 4780 
3699 4666 
2301 4690 
3348 3881 
1561 4609 
413 3808 
3110 3433 
688 3804 
2376 3753 
757 4778 
4612 4644 
2986 4782 
3360 4585 
2763 3637 
3275 3351 
4269 4646 
372 1075 
820 2637 
1806 4825 
595 3132 
3680 4447 
2914 3051 
663 1821 
1374 2511 
2874 3123 
304 2966 
2639 3087 
2530 3826 
3044 3868 
3926 4832 
1473 3385 
2323 4340 
218 3135 
2155 3779 
1431 4833 
3780 4406 
3315 4147 
1837 4832 
2430 4054 
3496 3775 
1868 3006 
4843 4934 
361 2522 
985 2853 
3576 3718 
3230 3681 
2419 3625 
3878 4117 
2892 3419 
325 4692 
3785 3791 
895 4912 
3657 3676 
4600 4806 
467 1541 
4605 4705 
2871 4448 
1110 4001 
2135 4891 
4598 4875 
1542 1921 
1237 2581 
1390 2177 
4574 4874 
45 2174 
4943 5000 
1405 2459 
2877 4576 
1328 2232 
508 853 
1091 1792 
572 3410 
4992 4995 
28 4315 
4082 4830 
279 2951 
2519 3933 
3164 4336 
1140 3537 
72 4814 
3443 4237 
1790 4281 
207 1506 
3639 4942 
548 1655 
3735 3987 
2276 3240 
3433 4900 
3759 4620 
169 3710 
2135 4344 
1709 1901 
2036 2463 
2717 3880 
2008 3182 
3577 4684 
3414 4786 
3828 4957 
1597 2833 
232 1368 
3278 4336 
2173 4692 
2841 3397 
4426 4558 
3029 3806 
1590 1992 
3721 3725 
4185 4717 
3905 4973 
2262 2524 
72 3487 
2249 2937 
4411 4604 
3185 3740 
1792 1916 
497 1841 
1725 2086 
3498 4270 
3141 4321 
4491 4748 
3263 3269 
3014 4145 
2464 3897 
1014 3845 
4470 4616 
4838 4855 
1089 3680 
562 3532 
2273 4960 
77 1716 
921 2567 
746 3508 
4802 4851 
1992 4058 
3582 4378 
1253 1378 
4490 4552 
2669 4136 
2642 4135 
328 3688 
3665 4216 
1523 1911 
3678 4129 
670 1483 
3646 3999 
3648 4335 
3767 4636 
3421 4110 
1230 4731 
4320 4898 
3509 4775 
4479 4834 
1040 1951 
3773 4381 
3753 3754 
4726 4852 
3495 3965 
3545 4065 
1779 2870 
3771 4660 
1394 2606 
1001 2350 
4438 4755 
4966 4966 
2336 3671 
1322 4953 
3279 4970 
3504 4944 
751 3585 
2224 2777 
4888 4919 
1622 2889 
2264 3045 
2246 3681 
4886 4927 
4765 4961 
3750 3795 
548 4037 
32 3578 
4797 4869 
2221 4621 
1546 3087 
2135 3100 
159 492 
1531 2928 
4014 4888 
1962 4575 
1328 4180 
905 2674 
831 3872 
1916 3223 
1183 4181 
3094 3157 
4048 4379 
742 2976 
2934 3043 
4980 5000 
709 4924 
3088 4234 
3836 4438 
2002 3582 
3645 3758 
3513 4974 
3574 3964 
2376 3329 
3515 3771 
3303 4548 
2469 3555 
4295 4424 
2641 2806 
3940 4128 
2701 4955 
4360 4419 
1592 4520 
4372 4706 
716 1636 
4845 4899 
4877 4880 
2001 4983 
791 3329 
678 3994 
1028 2236 
3204 3675 
4105 4522 
4746 4752 
3230 3934 
3029 4051 
1633 4007 
2742 3385 
1701 3430 
3110 4022 
2366 4612 
2620 4498 
4309 4454 
4300 4587 
2135 3212 
4918 4929 
2317 3469 
3108 3745 
285 2524 
3534 4333 
2011 3236 
50 2494 
1791 2048 
4404 4412 
4106 4801 
2779 3667 
4431 4557 
2430 3970 
2082 4233 
673 3307 
2446 2476 
3238 3502 
4874 4890 
1102 1103 
1222 4323 
2008 2121 
1184 3461 
1776 4918 
3731 4920 
748 3703 
1489 2353 
1433 4123 
1342 2855 
1948 2824 
2138 2529 
481 3139 
2020 2994 
4294 4325 
1775 3218 
931 1739 
4907 4953 
4672 4742 
4063 4939 
2727 4017 
2580 2740 
3837 4573 
2479 4493 
4497 4583 
21 3229 
3564 4980 
2664 3172 
287 3969 
4763 4999 
620 3275 
4647 4973 
1024 1082 
96 4041 
3777 4496 
3415 3828 
2618 4266 
4885 4896 
1589 2824 
3658 3964 
178 1023 
1841 2891 
4705 4796 
3396 3810 
1863 3366 
4901 4997 
4973 4985 
1998 3867 
2808 4658 
2191 2849 
4695 4802 
1103 4153 
133 4253 
4279 4851 
4652 4810 
3221 4694 
3089 4329 
2980 3950 
3371 4828 
2926 4976 
2089 4512 
529 4936 
3215 3806 
2408 3607 
1538 3475 
3962 4658 
2615 4016 
4035 4710 
4072 4709 
1512 1765 
3728 4969 
4289 4900 
2038 4560 
2575 3829 
3821 4077 
4479 5000 
3502 4714 
2709 3835 
4571 4745 
3439 4751 
3844 4960 
399 4565 
2805 2875 
84 620 
3593 4318 
4495 4525 
3009 4889 
1653 3929 
4079 4776 
1478 3825 
1058 3702 
3562 3712 
4760 4955 
494 4104 
1635 4959 
4218 4463 
4362 4696 
528 4895 
2052 3914 
2929 3239 
446 4841 
3628 3992 
1689 2528 
1828 4565 
2060 4963 
247 1208 
4205 4425 
1292 4643 
1015 3265 
2454 2847 
767 2812 
3327 4164 
709 4984 
3124 4047 
3701 4924 
4558 4978 
1770 2576 
4832 4996 
1045 1826 
2029 2947 
3335 4139 
3907 4237 
2461 3009 
867 2967 
186 4567 
426 1326 
4203 4979 
3290 4868 
210 1609 
4366 4744 
2361 4479 
3308 4692 
1332 2954 
4742 4817 
3814 4261 
2389 2857 
1575 3302 
473 562 
639 1378 
359 4305 
4473 4512 
1305 4629 
4808 4872 
1798 4894 
1535 1877 
515 3844 
4981 4985 
1450 2497 
2298 2367 
2657 3011 
3327 3524 
2838 2945 
3503 4562 
3207 3623 
3131 3997 
3937 4079 
434 3395 
885 4606 
1640 3694 
2528 3790 
4021 4345 
3381 4821 
2973 3115 
3852 3929 
2927 3351 
3878 4277 
38 69 
92 2493 
1967 3839 
1768 2685 
219 2175 
1039 1986 
3027 4612 
1928 3848 
4784 4967 
1658 2747 
4984 4998 
4390 4542 
1905 4337 
4384 4611 
4227 4374 
1750 4732 
1944 3106 
2333 4434 
635 1344 
1727 3592 
863 4460 
1992 3968 
4556 4668 
4832 4880 
440 4025 
421 2906 
2400 4868 
1812 1879 
3010 4034 
4603 4792 
2452 3870 
1949 3763 
72 1676 
3030 4895 
2685 2961 
3466 4275 
4513 4617 
862 4696 
