2000 4078
1 244
1 1610
2 1211
2 1307
2 1418
2 1785
3 542
3 940
3 1296
3 1296
3 1691
3 1817
4 626
5 981
5 1154
5 1195
5 1287
5 1393
5 1423
5 1967
6 839
7 1840
8 1084
8 1722
8 1737
8 1908
10 329
10 1642
10 1700
12 66
12 271
12 352
12 356
12 980
12 1282
12 1487
12 1807
13 300
13 1397
14 680
15 539
15 605
15 707
15 1043
15 1816
16 701
17 112
17 1820
18 602
18 855
18 1045
18 1907
19 978
20 1239
20 1701
21 487
21 675
21 1608
22 155
22 453
22 462
23 197
24 1263
26 477
26 901
27 1158
27 1561
28 1698
29 372
32 33
32 1889
34 155
34 671
36 1575
37 1384
37 1920
38 273
38 541
39 1906
40 195
40 979
41 327
41 1892
42 586
42 776
43 139
43 285
43 1385
43 1897
44 860
44 1189
44 1845
45 614
45 1778
46 1132
48 984
48 1442
48 1839
49 403
49 717
49 765
49 923
49 1471
50 347
50 589
50 623
50 1589
51 903
51 978
52 864
52 1655
52 1980
53 1211
53 1390
53 1616
54 78
54 561
54 1427
55 235
56 1351
56 1772
57 655
58 335
58 1749
58 1840
59 359
59 988
59 1055
60 1804
61 565
61 998
62 587
62 1255
62 1527
62 1762
64 595
64 712
64 1618
64 1711
65 320
65 450
65 1575
66 920
66 1659
66 1708
66 1949
68 292
68 985
69 1302
69 1332
69 1392
70 369
70 1102
70 1221
70 1260
70 1719
71 1420
71 1794
72 460
72 836
72 923
72 1605
73 1475
74 722
74 857
74 1402
74 1480
74 1597
74 1613
75 355
75 1328
76 249
76 480
76 1091
76 1209
77 1221
78 1108
78 1242
79 1223
80 94
80 1335
81 690
82 870
82 1827
83 1277
85 135
86 656
86 1480
87 155
87 811
87 1338
87 1805
88 305
88 919
88 1715
89 1276
89 1297
90 1985
92 169
92 432
92 663
93 681
93 1283
93 1381
93 1527
94 542
94 1346
94 1547
95 1004
95 1652
96 832
97 775
97 1624
98 133
100 109
100 307
101 210
101 444
101 469
102 1634
102 1645
103 663
103 707
104 705
105 285
105 316
107 205
107 1608
108 304
108 799
108 1147
108 1477
108 1518
108 1545
108 1917
109 617
109 1806
110 294
110 363
110 494
111 785
111 1045
112 1294
113 515
113 765
114 778
114 864
114 1020
115 1462
115 1696
116 623
116 1645
117 552
117 739
117 1494
117 1846
118 1673
119 852
119 991
119 1673
120 404
120 638
120 1533
121 817
121 1084
123 813
123 1272
125 1606
126 873
126 1928
127 268
128 1384
129 950
130 444
130 1359
130 1487
131 1000
132 316
132 654
132 1117
132 1719
132 1807
132 1868
133 648
133 795
134 439
134 640
134 976
134 1044
135 963
135 1216
136 1190
137 664
137 1189
137 1302
138 265
138 329
138 1099
138 1482
138 1855
139 1362
139 1379
140 1206
140 1382
141 249
141 495
141 1714
141 1753
142 1164
143 629
143 818
143 1821
144 457
144 1069
145 287
145 798
145 1253
145 1396
146 563
146 1829
147 666
147 1009
148 208
148 542
148 1522
150 1947
151 771
151 876
152 1219
152 1582
152 1815
154 843
154 1650
155 690
156 178
156 905
157 832
157 1815
157 1990
158 1150
158 1267
159 562
159 1591
160 552
160 1167
161 628
161 1898
162 1129
162 1139
165 286
165 1108
165 1392
167 1902
168 328
168 559
168 646
168 1540
170 518
170 1714
171 511
171 605
171 827
171 1633
172 1530
173 727
174 1109
174 1748
176 672
176 1304
176 1346
177 464
177 585
177 1284
177 1290
177 1494
178 560
178 597
178 1108
178 1768
179 1848
180 694
181 515
181 1854
181 1989
182 489
182 1419
183 756
183 1868
184 1233
185 508
185 1774
186 303
186 1070
186 1874
189 398
189 1012
190 438
190 564
190 752
191 255
191 877
192 360
192 601
192 1320
193 452
193 652
193 1295
193 1330
193 1410
194 609
194 977
195 275
195 852
195 1298
196 1222
198 523
198 931
198 1330
198 1670
199 988
199 1749
200 1265
201 1939
201 1981
202 1192
203 447
203 583
203 1382
203 1458
203 1719
203 1944
204 1556
205 361
205 724
206 753
207 693
207 1037
208 425
209 1103
209 1313
209 1380
209 1864
210 268
211 592
211 714
212 1107
212 1111
212 1192
212 1907
214 510
214 582
214 1027
214 1933
215 1921
216 929
216 1867
217 482
217 730
217 1462
217 1725
218 287
218 1551
219 903
222 577
222 1484
223 339
223 545
223 1315
224 984
224 1361
224 1478
225 843
225 1389
226 656
226 1210
226 1890
227 1081
227 1223
227 1521
227 1538
228 752
228 1122
229 366
230 403
230 999
230 1198
232 1658
233 1046
233 1112
233 1164
234 805
234 957
234 1048
234 1207
234 1880
235 1920
235 1969
236 568
236 1666
237 1081
237 1086
237 1999
238 1922
238 1954
239 946
239 1312
240 360
240 395
241 855
241 1931
242 561
242 1033
242 1989
243 1139
243 1772
244 1580
245 1488
246 1375
246 1593
247 674
248 540
249 1471
249 1667
251 668
251 799
252 1470
252 1922
253 1015
254 426
254 710
254 1088
254 1221
254 1498
254 1765
256 1343
256 1486
256 1608
257 1191
257 1477
258 1231
259 1446
260 339
260 1041
261 1033
262 1082
262 1682
263 1424
264 1144
264 1209
265 771
265 923
266 382
266 1064
266 1359
267 965
267 1678
268 1271
268 1557
269 1929
270 413
270 792
270 1192
271 741
271 1433
271 1901
273 1652
274 1027
274 1840
275 495
276 1575
277 407
277 1032
277 1435
277 1477
278 660
279 804
280 437
281 696
281 1282
282 1716
283 1018
283 1211
284 1067
284 1393
285 568
285 918
285 1221
285 1980
287 480
287 699
287 1812
288 953
288 1442
288 1923
289 676
289 736
291 783
292 346
292 1391
293 497
293 1811
293 1825
294 584
294 1304
295 1274
295 1275
295 1772
295 1876
297 428
297 940
297 1613
298 534
298 1905
299 777
299 1309
299 1661
299 1776
300 1921
301 1047
301 1526
301 1584
301 1586
303 404
303 533
303 1257
303 1801
304 364
304 1337
304 1635
306 1966
308 543
308 1157
308 1574
308 1839
308 1929
309 645
309 1477
310 1672
311 690
312 638
312 923
312 1836
313 508
313 1447
314 1520
315 1091
315 1526
316 596
316 1024
316 1094
316 1199
316 1608
316 1800
317 1698
318 577
319 569
320 383
321 721
322 1228
324 774
324 1103
325 845
325 866
325 1084
326 508
326 686
326 1840
327 472
327 643
329 1620
330 541
331 991
331 1133
332 547
332 650
332 1014
333 1422
334 376
334 1764
335 344
335 1594
336 510
336 1533
336 1861
337 365
337 902
337 1071
339 865
339 1041
340 1556
341 707
341 1358
341 1406
341 1820
344 981
344 1556
344 1872
345 435
345 841
345 1569
345 1805
346 965
346 1822
347 1027
349 507
349 706
349 884
349 1222
350 1305
351 462
351 1400
352 480
352 825
352 938
352 1022
352 1231
352 1633
353 1385
353 1605
354 665
354 1077
354 1566
354 1794
355 492
355 912
355 947
356 516
356 636
356 1062
356 1158
356 1244
357 1158
358 1282
358 1757
358 1929
359 609
359 730
359 1564
361 1454
362 439
362 506
362 570
362 1096
363 990
363 1355
364 856
364 1427
365 604
365 705
365 801
365 1553
365 1869
366 962
366 1252
367 711
367 1592
368 537
368 736
368 1169
368 1601
369 733
369 1048
369 1875
370 676
370 1433
370 1446
370 1892
371 588
371 834
371 1194
371 1206
372 1070
372 1095
372 1286
373 684
373 1395
374 385
374 1469
374 1959
374 1993
375 897
375 1637
376 632
376 791
377 1806
378 929
378 1672
378 1777
378 1902
380 1485
381 882
381 1518
382 480
382 1993
383 408
383 858
384 427
384 576
387 479
387 509
387 714
388 1264
390 1179
390 1450
390 1890
390 1934
391 993
391 1540
392 960
392 1136
392 1485
392 1871
393 1084
394 624
394 919
396 514
396 1666
397 1386
397 1538
397 1690
398 841
398 1881
398 1907
399 1161
399 1825
400 653
400 776
400 1296
400 1500
401 1148
402 898
402 1289
403 1335
404 1758
405 1242
406 985
407 656
407 763
408 1061
408 1544
409 1280
409 1454
409 1548
409 1934
410 1122
410 1245
410 1268
411 546
411 829
411 1831
411 1876
412 1456
413 544
414 821
414 1914
414 1950
416 1410
416 1625
416 1653
416 1950
416 1981
417 1631
417 1662
417 1958
418 534
418 732
418 1355
419 1515
419 1667
419 1769
420 833
421 1199
421 1646
422 1745
422 1774
422 1836
423 453
423 1355
423 1599
423 1809
424 926
424 1691
424 1936
425 1142
426 558
426 1313
426 1560
428 726
428 1588
429 1366
429 1423
429 1593
429 1712
430 982
430 1214
431 857
432 1542
433 1037
433 1553
434 1214
434 1747
435 769
435 1285
435 1379
436 1086
436 1696
436 1775
437 468
437 1348
438 669
438 683
438 1135
438 1273
439 738
439 1296
439 1771
440 643
441 541
441 608
441 959
442 605
442 1041
442 1384
442 1395
442 1493
443 468
443 721
444 681
444 1820
444 1900
446 462
446 1132
446 1152
446 1180
447 1209
448 831
448 1220
448 1285
448 1330
448 1655
449 901
449 1022
449 1482
450 1557
451 454
451 972
452 752
452 1451
456 905
456 1079
456 1407
457 1309
457 1452
458 494
458 802
458 1645
458 1979
459 589
459 1698
460 596
460 813
461 845
461 1005
461 1804
462 1312
464 1484
465 961
465 1098
465 1865
467 498
467 1743
467 1745
467 1854
468 808
468 915
469 1069
470 484
470 923
470 1806
471 1413
471 1993
472 628
472 1863
473 1178
474 903
474 927
474 1867
476 932
476 1045
476 1707
476 1734
477 619
477 1536
477 1585
477 1940
477 1942
478 688
479 1876
480 499
480 1270
481 763
481 1838
482 915
483 1055
483 1869
485 930
485 941
485 1609
485 1918
486 710
487 1462
487 1952
488 672
488 809
489 526
490 1290
491 522
491 585
491 983
491 1327
492 641
492 1920
494 981
494 1193
495 1093
495 1846
496 571
496 848
496 1959
497 1201
497 1207
498 714
499 870
499 1514
499 1615
499 1906
500 1647
501 521
501 958
501 1270
501 1770
501 1855
502 1038
502 1357
502 1621
502 1868
503 1642
504 675
505 793
505 929
506 1483
507 632
507 1002
508 555
508 900
508 1906
510 729
510 1035
510 1565
510 1982
511 579
511 866
511 922
512 754
512 1493
512 1657
512 1791
513 855
513 1424
513 1791
514 662
514 1318
514 1422
515 1377
515 1476
515 1570
515 1797
517 1775
517 1852
518 1120
518 1162
519 1171
520 621
521 729
522 870
522 955
522 1155
523 1225
524 626
524 1054
524 1471
524 1662
525 1165
525 1861
527 1193
527 1437
528 1228
528 1286
528 1402
528 1769
529 1205
529 1643
530 926
530 1030
531 959
531 1908
532 1444
533 1231
533 1405
534 1922
535 885
535 1882
535 1979
536 1875
537 612
537 853
538 1993
539 1683
540 1573
541 1232
541 1695
541 1743
542 599
544 1702
545 1605
545 1879
546 1213
546 1499
547 774
547 926
548 823
551 736
551 1506
551 1520
551 1696
552 1050
552 1175
553 1075
553 1728
556 1080
556 1380
556 1573
556 1990
557 1188
558 586
560 606
560 1238
560 1935
562 1127
562 1683
563 1040
563 1057
564 698
564 1544
565 702
565 1090
566 1357
567 1280
567 1380
569 1831
571 787
571 1576
571 1588
571 1765
573 967
574 1690
575 1494
576 1500
576 1933
577 638
577 1157
577 1212
577 1329
578 664
578 1746
579 1655
580 725
580 1155
581 1040
582 1600
583 1929
583 1990
584 952
584 1080
584 1627
584 1866
585 1654
587 617
587 1304
587 1949
587 1971
588 763
588 1086
588 1472
588 1667
589 659
589 1365
589 1481
589 1609
589 1660
590 1669
590 1747
590 1782
590 1834
591 1040
592 662
592 1186
593 911
593 1593
594 604
596 1106
597 888
598 1799
599 1369
600 1605
600 1956
601 1745
603 1427
603 1480
603 1792
604 684
604 928
604 1300
604 1758
605 1880
606 858
606 1144
606 1517
606 1957
607 862
607 1308
607 1933
608 730
608 924
608 1607
608 1631
609 945
610 1627
612 745
612 1108
612 1481
613 840
614 1558
615 964
615 1444
615 1753
616 800
616 1690
616 1899
617 1021
617 1199
617 1318
619 676
620 1242
620 1550
621 946
621 948
621 1118
621 1725
622 713
622 925
622 1381
622 1494
623 1175
623 1203
623 1484
624 715
624 851
624 1401
624 1904
625 792
625 1263
626 1282
628 1451
628 1548
629 717
629 899
629 1977
630 1470
631 1001
631 1133
635 704
635 892
636 849
637 861
637 1076
637 1930
638 1592
639 995
640 965
640 1384
640 1755
641 1167
641 1590
641 1838
642 845
642 1091
642 1556
642 1999
644 1327
645 742
646 1418
647 1150
648 767
649 877
650 1193
650 1328
650 1477
650 1699
653 1166
654 1955
655 1463
655 1757
656 786
657 917
658 765
658 1024
658 1068
659 661
659 890
659 1165
660 1814
661 1456
661 1530
663 743
666 1617
666 1751
667 776
667 1126
667 1336
669 735
669 1031
669 1968
671 1013
672 1136
672 1470
672 1532
673 1171
673 1575
673 1959
675 939
675 954
676 1586
678 1987
679 703
679 911
679 1181
680 830
680 1356
681 1155
681 1413
682 893
682 1097
682 1102
682 1313
682 1494
682 1798
683 794
683 1104
683 1140
683 1655
683 1822
684 1101
684 1698
685 685
686 1088
688 794
688 1135
689 692
689 754
689 922
690 766
690 1839
690 1916
691 949
691 964
691 1611
691 1983
692 1414
693 853
693 943
693 1256
693 1703
695 1298
695 1964
696 813
696 1308
696 1316
696 1328
696 1830
697 814
697 1599
698 1321
698 1532
698 1642
698 1817
699 712
699 731
699 922
699 1010
699 1424
699 1636
700 1012
700 1855
701 779
701 1233
702 1535
705 927
705 1689
705 1740
705 1773
706 1613
706 1738
708 853
708 882
708 1254
708 1337
708 1412
708 1850
709 887
709 1659
709 1931
710 803
710 853
710 915
710 1116
710 1413
710 1546
711 1237
711 1453
711 1549
711 1697
712 1476
713 1389
713 1665
714 1375
714 1586
714 1742
715 1229
715 1405
716 1326
716 1373
716 1653
716 1928
717 1114
717 1283
718 1009
718 1532
719 957
719 979
719 1920
720 1001
720 1043
721 1534
722 1266
722 1526
722 1865
723 950
723 1189
723 1521
723 1885
725 948
725 1016
725 1575
726 769
726 1796
727 1310
729 1065
730 768
730 1078
730 1262
730 1663
731 831
731 1135
731 1149
731 1185
731 1937
731 1978
732 1676
733 895
733 930
733 1569
733 1608
733 1613
734 896
734 1510
734 1768
735 887
735 1218
735 1364
737 918
738 1399
739 1486
740 1059
740 1588
741 1352
741 1384
741 1812
742 845
742 1250
743 1109
743 1402
744 753
745 951
745 1009
745 1568
745 1873
746 1855
746 1922
749 1345
749 1473
749 1504
751 911
751 912
751 966
751 1583
751 1617
752 1143
752 1728
753 1021
753 1316
753 1565
754 963
754 1146
754 1147
755 1586
756 944
757 1094
757 1265
757 1323
757 1748
758 912
758 971
759 1859
760 1112
760 1211
760 1236
760 1302
760 1767
761 1605
762 1197
763 1391
763 1701
763 1908
764 1204
764 1281
764 1387
764 1645
764 1970
765 1327
765 1341
765 1529
765 1655
765 1987
766 1513
766 1538
767 1810
768 1430
769 1287
769 1622
769 1867
770 784
770 1232
771 1356
772 1407
773 912
773 1322
773 1660
774 1062
774 1333
774 1524
775 1739
776 1475
777 861
777 1184
777 1236
777 1817
777 1988
778 1321
780 1978
781 1863
781 1945
782 1236
782 1387
783 1670
784 959
784 1058
785 1937
786 1500
786 1533
786 1763
786 1786
786 1984
787 1682
787 1804
788 1551
788 1885
789 1271
789 1313
789 1503
790 1197
790 1576
790 1858
790 1959
792 1301
792 1744
793 822
793 1759
794 1648
794 1905
794 1918
795 921
795 926
796 1362
796 1968
798 975
798 1445
798 1576
798 1652
798 1794
799 1012
799 1445
799 1763
799 1789
799 1834
800 1306
800 1637
800 1638
800 1892
801 875
801 1226
802 1065
802 1287
804 1067
804 1147
804 1849
805 1557
805 1558
806 1488
806 1578
806 1838
807 879
807 946
807 964
807 1378
808 1260
809 1633
810 958
810 977
810 1997
811 933
811 1578
811 1802
812 1011
812 1072
812 1100
812 1105
813 1803
813 1864
813 1930
815 1101
815 1571
815 1700
816 1056
817 920
819 1566
819 1816
820 1029
820 1452
820 1573
820 1835
820 1915
821 913
821 981
821 1548
821 1634
822 1483
822 1950
822 1997
823 1145
824 874
824 988
824 1163
824 1734
824 1985
825 888
825 1370
826 1071
826 1666
827 1176
827 1418
828 1585
832 912
832 1039
832 1350
832 1950
833 1396
833 1450
834 1477
834 1842
835 1715
835 1803
836 1417
836 1568
837 1017
837 1584
837 1698
838 1165
838 1806
839 1088
839 1582
839 1682
840 969
840 1004
840 1132
840 1707
840 1947
841 884
841 1608
841 1926
842 905
842 1396
842 1879
843 1652
843 1870
844 1175
844 1245
844 1460
844 1527
844 1827
845 901
845 1171
847 1890
848 1153
850 1309
850 1327
850 1568
851 1070
851 1238
851 1511
852 1121
852 1184
852 1731
852 1794
853 1304
853 1451
853 1533
853 1859
853 1887
854 1405
855 1501
855 1799
856 1447
856 1447
856 1632
857 1617
857 1978
858 1086
858 1922
859 952
859 1066
859 1761
861 1903
862 886
862 1334
862 1792
862 1796
863 1410
863 1524
863 1794
864 1657
865 1432
866 969
866 1429
867 902
867 1063
867 1365
867 1686
867 1726
868 1279
868 1405
868 1436
868 1524
868 1740
869 937
869 1287
869 1450
869 1762
869 1994
870 992
870 1466
870 1491
870 1597
871 1443
872 974
873 1450
873 1619
873 1685
874 1243
874 1578
874 1926
874 1936
876 1045
876 1227
876 1283
876 1494
878 1062
878 1969
878 1979
879 983
879 1258
879 1890
880 896
880 1078
881 892
881 939
881 1194
881 1441
881 1592
882 1147
882 1507
883 885
883 1004
883 1892
884 1412
884 1619
884 1775
886 1745
886 1968
887 990
887 1218
887 1333
887 1617
887 1791
888 1603
888 1697
889 1080
889 1907
890 1561
891 1476
891 1575
892 1049
893 1521
894 1088
894 1140
894 1918
894 1935
896 1486
897 1132
897 1680
898 1077
898 1700
899 1757
900 1700
901 1044
901 1116
901 1869
902 1261
903 1494
903 1657
904 1576
905 948
905 1686
906 1790
906 1861
908 970
909 1743
909 1860
909 1870
910 1539
912 927
912 1325
912 1621
912 1972
913 1149
913 1561
913 1745
913 1919
914 1105
914 1210
914 1988
915 1007
915 1098
915 1117
915 1496
915 1688
915 1822
916 1391
917 1089
917 1553
918 919
918 922
918 1551
919 1903
920 1265
920 1543
921 986
921 1014
921 1597
922 1203
922 1672
923 1075
923 1093
923 1299
923 1492
923 1900
924 1085
924 1689
924 1735
924 1965
925 1469
925 1546
925 1655
926 1449
926 1950
927 1375
927 1569
928 1065
928 1066
929 949
929 1208
929 1239
929 1699
930 1037
930 1526
930 1674
931 1246
931 1421
931 1709
931 1980
932 985
933 1268
933 1575
933 1769
933 1993
934 1105
935 1050
935 1183
935 1500
936 1237
937 1257
937 1578
937 1822
938 1004
938 1564
938 1893
940 1113
940 1410
941 1473
941 1547
941 1772
942 1213
943 1138
943 1888
944 1178
944 1183
945 1035
945 1071
945 1738
946 1009
946 1640
947 1759
948 1493
948 1931
948 1980
949 1313
950 1032
950 1686
950 1722
951 1225
951 1255
951 1332
951 1928
952 1557
953 1315
953 1332
954 1153
955 1956
955 1972
956 970
956 1082
957 1378
959 965
959 1657
959 1732
959 1984
960 1159
960 1159
960 1304
960 1466
960 1489
960 1731
961 1426
961 1869
962 1947
963 1775
963 1901
964 1022
964 1334
965 1482
965 1558
966 1153
966 1445
966 1538
967 1118
967 1434
967 1749
968 1517
968 1908
969 1186
970 1805
971 1057
971 1856
971 1933
972 1658
972 1734
972 1783
972 1962
973 1620
973 1687
973 1915
974 1290
975 1520
976 1391
976 1504
977 1052
977 1183
977 1383
977 1861
978 1539
979 1148
979 1951
980 1251
980 1562
980 1686
980 1935
981 1151
981 1255
981 1452
982 1557
982 1718
982 1776
984 1722
984 1754
984 1797
985 1242
985 1297
985 1657
986 1322
986 1330
986 1385
986 1816
987 1300
987 1479
987 1763
988 1356
988 1633
988 1690
989 1516
989 1785
990 1390
990 1683
992 1210
992 1401
992 1510
993 1518
993 1599
993 1817
994 1383
994 1664
995 1709
995 1891
996 1630
997 1384
997 1786
998 1503
999 1008
999 1465
999 1493
999 1699
1000 1194
1000 1348
1001 1007
1001 1145
1001 1809
1002 1124
1002 1458
1003 1236
1003 1255
1003 1677
1003 1811
1003 1984
1004 1221
1004 1358
1006 1123
1006 1810
1006 1867
1007 1313
1009 1815
1009 1904
1010 1859
1011 1044
1011 1100
1012 1749
1013 1631
1013 1653
1013 1755
1015 1038
1015 1380
1015 1687
1015 1962
1016 1542
1017 1971
1018 1755
1019 1038
1019 1784
1021 1106
1021 1227
1022 1855
1023 1310
1023 1476
1024 1213
1024 1383
1024 1576
1025 1139
1025 1495
1025 1704
1025 1734
1026 1341
1027 1510
1028 1450
1029 1294
1029 1335
1030 1221
1030 1516
1030 1916
1032 1058
1032 1191
1033 1141
1033 1587
1033 1728
1035 1330
1035 1515
1035 1831
1035 1968
1037 1235
1037 1359
1037 1990
1038 1365
1038 1942
1039 1563
1039 1909
1040 1227
1040 1276
1040 1513
1040 1624
1040 1731
1040 1975
1041 1258
1041 1956
1043 1223
1043 1614
1045 1112
1045 1214
1045 1341
1045 1350
1045 1964
1046 1559
1047 1279
1047 1402
1047 1597
1047 1946
1049 1127
1049 1530
1052 1068
1052 1295
1052 1455
1052 1484
1053 1358
1053 1711
1053 1841
1054 1787
1055 1289
1056 1132
1056 1170
1057 1246
1057 1804
1058 1201
1058 1204
1058 1637
1060 1170
1063 1519
1063 1898
1064 1274
1064 1352
1065 1633
1066 1114
1066 1169
1066 1581
1067 1272
1067 1315
1067 1582
1067 1597
1068 1818
1069 1144
1069 1206
1069 1870
1070 1662
1070 1780
1071 1901
1072 1510
1074 1439
1074 1736
1075 1137
1075 1378
1075 1471
1075 1620
1076 1389
1076 1603
1076 1625
1077 1663
1078 1260
1078 1425
1078 1600
1078 1691
1078 1728
1079 1429
1079 1657
1080 1214
1080 1500
1081 1459
1081 1547
1082 1934
1083 1119
1084 1521
1085 1310
1085 1387
1086 1242
1086 1263
1086 1484
1086 1485
1086 1758
1087 1302
1087 1629
1087 1778
1089 1240
1089 1478
1090 1499
1091 1438
1091 1558
1091 1939
1092 1788
1093 1131
1094 1376
1094 1909
1095 1120
1095 1457
1096 1122
1096 1639
1097 1195
1098 1154
1098 1254
1098 1632
1098 1709
1099 1685
1099 1788
1100 1716
1100 1738
1101 1786
1102 1362
1103 1274
1104 1246
1105 1135
1106 1703
1107 1662
1107 1762
1108 1267
1108 1396
1108 1487
1109 1542
1109 1780
1109 1893
1110 1684
1111 1910
1112 1183
1112 1270
1112 1696
1114 1544
1114 1579
1114 1987
1115 1314
1115 1423
1115 1636
1116 1523
1116 1898
1116 1925
1117 1656
1118 1134
1118 1638
1118 1771
1119 1143
1119 1190
1121 1435
1121 1944
1121 1954
1122 1954
1123 1865
1125 1177
1125 1184
1125 1516
1126 1209
1126 1409
1126 1985
1127 1270
1127 1424
1128 1179
1129 1884
1130 1212
1130 1473
1130 1627
1130 1783
1131 1557
1132 1265
1132 1308
1132 1479
1132 1923
1133 1191
1133 1853
1134 1503
1136 1559
1136 1763
1137 1161
1137 1581
1137 1744
1139 1765
1140 1191
1140 1372
1141 1948
1142 1498
1142 1535
1143 1317
1143 1807
1144 1391
1145 1795
1145 1980
1146 1242
1146 1359
1146 1443
1146 1713
1146 1738
1146 1894
1146 1901
1147 1948
1148 1217
1148 1368
1148 1411
1148 1610
1149 1256
1149 1385
1149 1934
1150 1963
1151 1589
1151 1618
1152 1392
1152 1608
1155 1753
1155 1994
1157 1453
1157 1665
1157 1665
1157 1766
1158 1169
1158 1427
1158 1619
1158 1649
1159 1184
1159 1542
1159 1799
1159 1817
1160 1806
1161 1386
1162 1544
1163 1259
1163 1463
1163 1865
1164 1529
1164 1860
1165 1205
1166 1933
1167 1369
1167 1635
1168 1205
1168 1329
1168 1346
1168 1547
1168 1557
1169 1588
1169 1798
1169 1800
1170 1229
1170 1258
1172 1196
1172 1749
1172 1852
1173 1255
1173 1441
1174 1575
1175 1328
1176 1201
1176 1761
1176 1790
1176 1922
1179 1283
1180 1329
1180 1935
1181 1340
1181 1396
1181 1419
1181 1960
1182 1431
1182 1436
1184 1365
1184 1371
1184 1426
1184 1538
1185 1264
1185 1518
1185 1771
1185 1886
1186 1753
1187 1449
1187 1942
1187 1974
1188 1566
1188 1571
1188 1888
1189 1976
1190 1307
1190 1321
1190 1524
1190 1674
1190 1960
1191 1217
1191 1595
1192 1524
1192 1777
1194 1621
1194 1623
1196 1403
1196 1411
1196 1710
1196 1805
1197 1600
1197 1627
1199 1414
1199 1461
1199 1809
1199 1967
1201 1438
1201 1546
1202 1702
1202 1911
1202 1968
1203 1664
1204 1278
1204 1307
1204 1427
1204 1972
1205 1558
1205 1815
1206 1214
1206 1444
1206 1506
1207 1547
1207 1882
1208 1468
1208 1590
1208 1830
1209 1889
1210 1514
1210 1542
1210 1985
1211 1472
1211 1485
1211 1662
1211 1785
1211 1847
1212 1277
1212 1537
1213 1563
1214 1274
1214 1447
1214 1619
1215 1636
1216 1431
1216 1669
1216 1722
1217 1344
1217 1909
1218 1248
1219 1746
1219 1791
1219 1798
1219 1881
1220 1364
1220 1930
1221 1307
1222 1490
1222 1584
1222 1868
1223 1260
1223 1420
1223 1707
1223 1820
1223 1903
1224 1246
1224 1457
1224 1464
1225 1466
1225 1545
1225 2000
1227 1368
1227 1597
1227 1786
1228 1319
1228 1406
1228 1446
1228 1593
1228 1693
1228 1765
1228 1961
1229 1238
1229 1385
1229 1434
1229 1535
1231 1356
1231 1865
1232 1284
1232 1709
1233 1863
1234 1460
1235 1752
1236 1239
1236 1348
1236 1661
1237 1347
1237 1444
1239 1320
1239 1422
1239 1572
1240 1788
1241 1649
1241 1663
1242 1323
1242 1412
1242 1620
1242 1901
1243 1253
1243 1898
1243 1997
1244 1384
1245 1832
1245 1928
1246 1655
1247 1840
1247 1929
1248 1425
1253 1711
1254 1322
1254 1334
1254 1633
1256 1433
1256 1457
1258 1345
1258 1508
1258 1637
1258 1954
1259 1330
1259 1501
1259 1559
1259 1759
1259 1997
1260 1275
1260 1671
1261 1459
1261 1529
1262 1437
1263 1716
1263 1753
1263 1827
1263 1885
1264 1449
1264 1456
1264 1731
1264 1732
1265 1465
1265 1620
1266 1485
1267 1360
1267 1643
1267 1643
1267 1719
1267 1808
1268 1592
1268 1636
1268 1736
1269 1455
1269 1532
1269 1560
1270 1505
1270 1888
1271 1923
1271 1991
1272 1661
1272 1858
1273 1337
1274 1472
1274 1594
1274 1706
1276 1455
1276 1686
1276 1973
1277 1498
1277 1548
1277 1860
1278 1681
1278 1884
1279 1355
1279 1663
1280 1500
1280 1697
1281 1513
1282 1325
1282 1498
1282 1732
1285 1438
1285 1661
1286 1586
1286 1600
1287 1372
1287 1580
1288 1494
1288 1680
1289 1534
1289 1545
1290 1320
1290 1884
1290 1975
1291 1444
1292 1481
1292 1573
1292 1867
1293 1818
1294 1305
1294 1352
1294 1554
1294 1907
1294 1911
1296 1483
1296 1640
1296 1659
1296 1825
1297 1358
1297 1731
1297 1994
1298 1315
1298 1791
1299 1460
1300 1611
1300 1685
1301 1781
1301 1803
1301 1976
1303 1343
1303 1578
1303 1917
1304 1425
1304 1463
1304 1506
1304 1558
1304 1883
1305 1524
1305 1922
1306 1746
1307 1479
1307 1859
1307 1894
1308 1312
1308 1352
1308 1758
1309 1675
1310 1322
1310 1437
1310 1459
1310 1984
1311 1452
1311 1982
1312 1903
1314 1368
1314 1374
1314 1583
1314 1595
1314 1756
1314 1820
1315 1524
1316 1585
1316 1712
1316 1922
1317 1452
1317 1568
1318 1635
1318 1770
1318 1907
1319 1345
1319 1611
1319 1766
1320 1647
1320 1663
1321 1654
1321 1913
1322 1330
1323 1418
1323 1751
1323 1863
1324 1723
1324 1828
1325 1565
1326 1840
1327 1365
1327 1602
1327 1902
1327 1991
1328 1722
1329 1615
1329 1656
1329 1804
1329 1975
1331 1920
1332 1475
1332 1513
1332 1641
1332 1721
1332 1780
1334 1464
1334 1823
1335 1429
1336 1897
1338 1713
1339 1465
1340 1716
1340 1852
1340 1898
1340 1931
1341 1880
1342 1381
1342 1604
1342 1840
1343 1619
1343 1792
1343 1855
1343 1921
1344 1531
1345 1864
1346 1663
1346 1691
1346 1864
1347 1514
1348 1706
1349 1474
1349 1957
1351 1760
1352 1524
1352 1971
1353 1518
1353 1863
1354 1568
1355 1768
1356 1773
1356 1837
1356 1866
1356 1939
1357 1522
1358 1689
1358 1822
1359 1392
1359 1426
1359 1971
1360 1754
1361 1544
1361 1637
1361 1708
1362 1865
1363 1914
1364 1407
1364 1666
1364 1781
1365 1699
1366 1530
1366 1793
1366 1934
1367 1409
1367 1695
1367 1873
1368 1525
1368 1944
1369 1534
1369 1591
1369 1817
1370 1506
1371 1549
1372 1870
1372 1997
1373 1659
1373 1704
1373 1714
1374 1659
1374 1741
1375 1385
1375 1438
1375 1616
1376 1524
1376 1916
1377 1968
1378 1422
1378 1461
1378 1540
1378 1988
1379 1474
1380 1747
1380 1766
1380 1769
1381 1422
1381 1603
1381 1739
1382 1398
1382 1550
1383 1444
1383 1457
1383 1750
1384 1785
1384 1867
1385 1726
1385 1760
1387 1828
1387 1888
1388 1752
1390 1852
1391 1566
1391 1934
1392 1496
1392 1857
1393 1534
1394 1491
1394 1508
1394 1519
1394 1584
1394 1695
1394 1763
1395 1921
1396 1682
1396 1739
1396 1973
1397 1687
1398 1904
1399 1735
1399 1740
1399 1870
1401 1806
1402 1488
1403 1439
1403 1819
1404 1916
1404 1951
1405 1410
1405 1440
1405 1510
1405 1980
1408 1460
1408 1463
1408 1598
1408 1664
1408 1739
1409 1503
1409 1563
1409 1699
1410 1435
1410 1640
1410 1749
1410 1901
1411 1593
1412 1645
1412 1833
1414 1534
1414 1776
1415 1803
1416 1929
1417 1474
1417 1731
1418 1469
1418 1502
1418 1903
1418 1906
1418 1932
1420 1781
1422 1959
1423 1606
1423 1762
1423 1815
1423 1822
1423 1845
1424 1492
1424 1589
1424 1677
1425 1967
1427 1533
1427 1584
1427 1899
1429 1509
1429 1949
1430 1547
1430 1869
1430 1870
1430 1965
1431 1776
1431 1958
1431 1970
1432 1451
1432 1841
1433 1539
1433 1641
1433 1841
1433 1909
1434 1490
1434 1495
1434 1613
1434 1655
1434 1665
1434 1763
1434 1842
1435 1807
1436 1907
1437 1613
1437 1750
1437 1827
1437 1881
1438 1845
1438 1916
1438 1950
1438 1986
1439 1456
1439 1892
1440 1695
1440 1862
1441 1901
1442 1485
1442 1625
1443 1582
1443 1607
1443 1841
1444 1485
1444 1900
1445 1593
1445 1830
1445 1956
1446 1483
1446 1578
1446 1749
1448 1485
1448 1745
1449 1558
1449 1891
1450 1458
1450 1610
1450 1851
1451 1543
1451 1605
1452 1505
1453 1581
1453 1661
1453 1697
1453 1963
1454 1467
1454 1712
1454 1915
1454 1920
1455 1749
1456 1492
1456 1510
1457 1988
1458 1474
1458 1599
1458 1668
1458 1889
1458 1924
1458 1957
1458 1980
1459 1583
1460 1683
1461 1473
1462 1854
1463 1629
1463 1633
1464 1501
1464 1565
1464 1643
1464 1806
1466 1688
1466 1758
1467 1655
1467 1666
1467 1784
1467 1889
1469 1882
1470 1549
1470 1638
1470 1669
1470 1900
1471 1602
1471 1603
1472 1498
1472 1672
1472 1676
1473 1813
1473 1853
1474 1795
1475 1487
1475 1648
1475 1814
1476 1526
1476 1639
1476 1901
1477 1582
1477 1829
1478 1669
1478 1785
1478 1802
1478 1864
1479 1511
1479 1953
1479 1954
1480 1869
1481 1620
1482 1626
1482 1660
1482 1779
1482 1920
1483 1559
1483 1730
1484 1486
1484 1521
1484 1833
1485 1505
1485 1638
1485 1700
1486 1673
1486 1814
1487 1500
1487 1517
1487 1629
1487 1816
1487 1939
1488 1734
1489 1514
1489 1996
1490 1578
1490 1597
1490 1807
1490 1987
1491 1505
1491 1763
1492 1705
1493 1519
1493 1681
1493 1882
1494 1624
1494 1944
1495 1627
1495 1865
1495 1886
1496 1537
1496 1996
1498 1799
1498 1845
1498 1973
1500 1712
1500 1725
1500 1745
1501 1939
1502 1561
1502 1706
1503 1918
1503 1950
1504 1812
1506 1716
1506 1749
1507 1715
1507 1872
1507 1955
1507 1998
1508 1944
1510 1874
1510 1886
1511 1714
1511 1956
1512 1754
1512 1893
1513 1853
1514 1877
1515 1524
1515 1604
1515 1756
1516 1821
1518 1793
1519 1525
1519 1710
1520 1603
1520 1858
1520 1886
1520 1979
1521 1616
1521 1679
1521 1786
1522 1920
1523 1615
1523 1888
1525 1797
1526 1526
1526 1928
1527 1644
1527 1811
1528 1870
1529 1630
1529 1704
1529 1873
1529 1892
1530 1912
1531 1815
1532 1602
1532 1984
1533 1559
1533 1688
1534 1656
1535 1540
1535 1698
1536 1597
1536 1695
1536 1853
1536 1866
1536 1925
1537 1882
1537 1959
1537 1988
1538 1576
1538 1852
1538 1911
1539 1565
1539 1606
1539 1741
1539 1768
1540 1552
1540 1621
1540 1626
1540 1741
1540 1771
1541 1574
1541 1585
1541 1967
1542 1917
1543 1829
1543 1913
1544 1582
1544 1776
1544 1783
1544 1872
1545 1681
1545 1711
1546 1670
1546 1883
1547 1654
1547 1804
1548 1688
1548 1733
1548 1831
1549 1871
1551 1706
1551 1850
1551 1873
1551 1996
1552 1630
1553 1727
1553 1750
1553 1753
1553 1868
1554 1600
1554 1653
1554 2000
1555 1712
1556 1801
1556 1852
1558 1641
1558 1870
1559 1597
1559 1606
1559 1971
1563 1576
1563 1593
1563 1929
1565 1706
1566 1608
1566 1675
1567 1667
1567 1710
1568 1730
1569 1650
1569 1721
1569 1770
1570 1865
1570 1940
1571 1574
1571 1652
1571 1743
1571 1846
1573 1636
1573 1694
1574 1620
1574 1804
1574 1940
1575 1703
1576 1650
1576 1758
1576 1807
1576 1883
1577 1684
1577 1910
1577 1964
1578 1886
1582 1888
1582 1967
1583 1600
1583 1732
1583 1747
1584 1798
1585 1770
1585 1831
1585 1908
1585 1945
1586 1621
1586 1741
1586 1870
1587 1763
1587 1814
1588 1973
1589 1985
1591 1597
1592 1666
1592 1808
1592 1915
1593 1797
1594 1652
1596 1668
1598 1725
1599 1618
1599 1795
1599 1807
1599 1888
1599 1901
1600 1621
1600 1821
1600 1887
1600 1954
1601 1633
1602 1639
1603 1614
1604 1773
1604 1880
1604 1923
1605 1634
1605 1972
1607 1764
1608 1755
1608 1894
1608 1971
1609 1891
1610 1725
1610 1740
1610 1883
1610 1954
1611 1729
1612 1736
1612 1885
1614 1614
1614 1768
1614 1829
1614 1979
1616 1859
1616 1977
1617 1781
1617 1812
1617 1838
1617 1982
1618 1673
1618 1678
1618 1725
1618 1910
1618 1988
1619 1680
1619 1819
1619 1829
1619 1866
1619 1912
1620 1650
1620 1721
1620 1765
1620 1943
1621 1694
1621 1737
1622 1722
1623 1781
1623 1969
1625 1655
1625 1791
1626 1771
1626 1892
1626 1911
1626 1933
1627 1654
1627 1725
1627 1948
1628 1725
1629 1871
1630 1831
1631 1631
1631 1786
1631 1796
1631 1973
1632 1824
1632 1824
1632 1882
1632 1957
1633 1750
1634 1813
1634 1823
1634 1864
1635 1816
1635 1935
1636 1699
1637 1940
1638 1714
1639 1810
1639 1993
1640 1948
1641 1998
1642 1677
1642 1882
1642 1902
1643 1703
1645 1671
1645 1908
1646 1841
1646 1849
1646 1890
1646 1960
1647 1654
1647 1950
1648 1819
1648 1834
1648 1891
1649 1758
1649 1794
1649 1891
1649 1972
1650 1673
1650 1746
1650 1902
1651 1725
1651 1805
1652 1682
1653 1706
1653 1813
1654 1786
1655 1692
1655 1747
1655 1748
1655 1806
1656 1689
1657 1734
1658 1698
1658 1766
1659 1761
1659 1803
1659 1812
1660 1667
1661 1691
1661 1857
1662 1685
1662 1695
1662 1749
1663 1805
1664 1775
1665 1769
1665 1961
1666 1775
1666 1943
1669 1764
1670 1740
1670 1865
1670 1878
1672 1810
1673 1745
1673 1822
1673 1857
1674 1806
1674 1900
1675 1811
1675 1876
1675 1938
1675 1959
1675 1992
1675 2000
1677 1732
1679 1718
1679 1839
1680 1705
1680 1711
1680 1748
1680 1936
1681 1987
1682 1725
1682 1769
1682 1969
1684 1698
1684 1901
1685 1964
1686 1719
1686 1736
1686 1894
1686 1966
1686 1998
1687 1911
1688 1948
1688 1955
1689 1769
1690 1787
1690 1814
1690 1817
1690 1935
1691 1711
1692 1800
1693 1763
1693 1774
1693 1864
1693 1880
1694 1752
1694 1771
1694 1865
1694 1874
1694 1916
1695 1902
1695 1972
1696 1747
1696 1770
1696 1907
1696 1961
1697 1698
1699 1912
1700 1823
1700 1829
1701 1750
1701 1766
1701 1781
1701 1784
1701 1860
1702 1736
1702 1758
1702 1783
1702 1815
1702 1896
1702 1928
1702 1974
1703 1888
1704 1767
1704 1969
1705 1871
1706 1913
1707 1760
1707 1838
1708 1809
1708 1836
1709 1824
1709 1843
1709 1926
1709 2000
1710 1795
1710 1851
1712 1821
1713 1892
1714 1801
1714 1892
1714 1982
1715 1858
1715 1908
1716 1929
1716 1984
1717 1984
1717 1995
1718 1783
1718 1862
1718 1891
1718 1908
1718 1966
1719 1796
1719 1797
1719 1850
1720 1721
1720 1841
1720 1863
1720 1863
1720 1926
1722 1726
1722 1729
1722 1875
1723 1901
1723 1907
1723 1935
1724 1755
1724 1788
1724 1842
1724 1845
1724 1871
1724 1882
1724 1958
1725 1729
1725 1779
1725 1884
1726 1743
1726 1885
1727 1818
1727 1973
1729 1747
1729 1861
1729 1865
1729 1897
1730 1734
1730 1978
1731 1840
1731 1865
1731 1963
1733 1751
1733 1753
1733 1819
1733 1843
1735 1821
1735 1861
1736 1753
1737 1751
1737 1912
1738 1929
1739 1896
1739 1904
1739 1905
1739 1916
1740 1778
1741 1989
1742 1755
1743 1838
1743 1843
1743 1876
1743 1967
1744 1857
1744 1923
1744 1971
1745 1761
1745 1786
1745 1865
1746 1894
1746 1971
1747 1850
1747 1878
1747 1890
1747 1932
1747 1977
1747 1981
1748 1835
1748 1945
1749 1790
1749 1941
1749 1999
1750 1775
1750 1847
1750 1954
1750 1972
1751 1898
1752 1774
1752 1809
1752 1832
1752 1839
1752 1944
1753 1877
1753 1994
1755 1849
1756 1790
1757 1897
1757 1956
1758 1934
1759 1830
1759 1871
1761 1887
1762 1909
1763 1937
1763 1983
1765 1768
1765 1789
1765 1826
1765 1843
1765 1892
1767 1906
1768 1853
1768 1858
1768 2000
1769 1812
1769 1825
1769 1829
1771 1783
1771 1815
1771 1846
1771 1969
1773 1850
1773 1987
1774 1801
1774 1826
1774 1893
1775 1923
1775 1981
1776 1997
1777 1827
1777 1862
1777 1949
1777 1987
1778 1853
1778 1884
1778 1894
1778 1939
1779 1850
1780 1989
1781 1852
1782 1830
1782 1961
1782 1986
1783 1791
1783 1803
1783 1929
1783 1972
1783 1973
1784 1793
1785 1792
1785 1805
1785 1825
1785 1829
1785 1856
1785 1898
1785 1970
1786 1874
1788 1925
1789 1836
1789 1905
1789 1929
1790 1977
1790 1980
1791 1843
1791 1920
1791 1930
1791 1994
1792 1938
1792 1972
1793 1815
1793 1948
1794 1836
1795 1867
1795 1900
1795 1906
1796 1991
1797 1842
1797 1854
1797 1919
1798 1824
1798 1929
1800 1830
1800 1865
1801 1918
1801 1997
1804 1845
1804 1907
1805 1824
1805 1889
1805 1962
1805 1999
1806 1923
1806 1943
1806 1959
1806 1976
1810 1891
1811 1916
1811 1994
1812 1824
1813 1900
1814 1941
1814 1955
1815 1876
1816 1865
1816 1872
1818 1820
1818 1828
1818 1854
1818 1936
1818 1938
1819 1854
1819 1898
1819 1905
1820 1844
1820 1853
1820 1924
1820 1939
1822 1859
1824 1839
1824 1884
1824 1931
1825 1843
1825 1931
1825 1962
1826 1879
1826 1915
1826 1946
1826 1966
1827 1850
1827 1853
1827 1879
1827 1936
1827 1966
1827 1989
1828 1861
1829 1946
1831 1853
1831 1901
1831 1930
1831 1941
1832 1882
1832 1922
1832 1965
1833 1954
1833 1975
1833 1975
1833 1988
1835 1908
1836 1943
1836 1959
1837 1871
1838 1931
1838 1994
1840 1994
1841 1902
1841 1958
1841 1998
1842 1942
1842 1992
1843 1872
1843 1883
1843 1926
1843 1971
1843 1973
1844 1859
1844 1879
1844 1905
1844 1918
1844 1957
1845 1865
1846 1898
1846 1909
1846 1953
1846 1973
1847 1962
1847 1979
1847 1982
1847 1990
1848 1850
1848 1993
1849 1852
1849 1876
1849 1915
1849 1986
1850 1874
1852 1981
1853 1891
1853 1922
1854 1863
1854 1896
1854 1908
1855 1884
1855 1884
1855 1894
1856 1899
1856 1919
1857 1924
1857 1938
1858 1883
1859 1893
1859 1940
1860 1936
1862 1868
1862 1869
1862 1968
1863 1878
1863 1962
1864 1906
1864 1931
1864 1957
1864 1988
1865 1894
1865 1930
1866 1921
1867 1872
1869 1899
1869 1921
1869 1966
1869 1974
1869 1981
1870 1958
1871 1892
1871 1894
1871 1911
1871 1925
1874 1998
1876 1877
1876 1951
1877 1908
1878 1919
1878 1921
1878 1966
1879 1912
1879 1917
1879 1937
1879 1961
1879 1989
1880 1919
1880 1965
1880 1971
1880 1971
1880 1984
1880 1992
1881 1885
1881 1936
1882 1893
1882 1905
1883 1888
1884 1912
1884 1964
1884 1992
1885 1924
1887 1925
1887 1973
1887 1992
1889 1961
1890 1949
1894 1941
1895 1932
1895 1964
1895 1980
1896 1950
1896 1983
1897 1922
1898 1900
1898 1990
1899 1959
1899 1982
1900 1937
1900 1985
1900 1992
1901 1913
1901 1963
1901 1982
1901 1984
1902 1914
1902 1993
1903 1903
1903 1946
1903 1963
1903 1983
1905 1933
1906 1945
1907 1913
1907 1923
1907 1939
1907 1977
1908 1912
1908 1923
1908 1933
1908 1954
1910 1975
1911 1953
1912 1976
1912 1999
1913 1943
1913 1982
1914 1933
1914 1952
1914 1979
1914 1987
1916 1923
1917 1971
1919 1937
1919 1997
1920 1920
1920 1970
1920 1990
1920 1991
1921 1936
1921 1962
1922 1926
1922 1932
1922 1950
1923 1978
1924 1942
1924 1962
1925 1980
1925 1994
1926 1956
1926 1962
1926 1978
1927 1944
1927 1945
1927 1977
1927 1984
1928 1994
1928 1999
1929 1952
1930 1947
1932 1979
1932 1981
1933 1958
1933 1974
1934 1980
1935 1944
1935 1953
1935 1974
1935 1998
1936 1943
1937 1943
1937 1983
1937 1998
1938 1946
1939 1991
1940 1946
1940 1981
1940 1991
1941 1950
1941 1969
1942 1988
1943 1945
1943 1976
1943 1990
1944 1985
1946 1949
1946 1957
1946 1976
1946 1980
1946 1993
1947 1985
1947 1993
1948 1966
1949 1997
1950 1993
1950 1996
1951 1978
1951 1986
1951 1987
1952 1968
1953 1969
1953 1973
1953 1999
1954 1957
1954 1970
1954 1979
1955 1980
1955 1985
1955 1997
1956 1964
1956 1974
1956 1982
1957 2000
1959 1963
1959 1991
1961 1961
1961 1961
1961 1975
1961 1979
1961 1985
1963 1965
1963 1971
1963 1993
1963 1997
1964 1983
1965 1989
1966 1995
1967 1969
1967 1970
1967 1971
1967 1981
1967 1988
1967 1997
1967 1998
1968 1995
1969 1986
1970 1975
1970 1989
1972 1975
1972 1983
1972 1988
1973 1991
1974 1993
1975 1987
1975 1987
1975 1997
1975 1998
1976 1986
1976 1991
1977 2000
1978 1987
1978 1989
1980 1984
1980 1991
1980 1996
1981 1987
1981 2000
1982 1983
1982 1988
1982 1991
1982 1993
1983 1991
1983 1993
1983 1999
1984 1991
1984 2000
1985 1987
1985 1988
1986 1986
1986 1988
1986 1991
1986 1992
1986 1996
1987 1988
1987 1995
1987 1997
1988 1999
1990 1992
1990 1992
1991 1996
1991 1996
1991 1998
1991 1999
1991 2000
1992 1996
1993 1994
1994 1996
1996 1996
1997 1997
1997 1998
1997 2000
1998 1999
1999 2000
1999 2000
1999 2000
2000 2000
2000 2000
2000 2000
2000 2000
2000 2000
2000 2000
2000 2000
2000 2000
