3000 8824
1 1089
1 1229
1 1548
2 381
2 1756
2 2270
2 2274
3 994
3 2923
4 120
4 2951
5 695
5 1258
5 1908
5 2140
5 2474
5 2498
5 2523
6 399
6 952
6 966
6 1306
6 1768
6 1959
6 2666
7 1190
7 1542
7 1827
7 2662
8 77
8 969
8 1102
8 1515
9 1131
9 1134
9 1177
10 139
10 252
10 1728
11 83
11 1643
11 2875
12 192
12 567
12 2897
13 1187
13 1398
13 1690
13 2288
14 1115
14 1833
14 1880
14 2393
14 2486
15 2366
15 2416
16 1647
16 2663
17 2349
18 133
18 1529
19 197
19 419
19 1700
20 931
20 1672
20 1716
20 1876
20 2788
21 1832
21 2388
22 61
22 1707
22 1776
22 2239
23 1492
23 1979
23 2464
24 417
24 611
25 436
25 518
25 934
25 1267
25 2140
26 950
26 2481
26 2963
27 593
27 1713
27 2189
28 76
28 2707
29 2891
30 493
30 2026
30 2798
31 886
31 2997
32 1655
32 2567
33 690
33 1116
34 719
34 989
34 1656
34 2674
35 1234
35 1812
35 1858
35 2666
35 2700
36 1112
36 1752
37 2751
38 2520
38 2937
39 518
39 856
39 2694
40 2386
40 2774
41 691
41 749
41 807
41 937
41 1869
42 559
42 1590
42 2172
42 2616
43 730
43 1735
44 1564
44 2950
45 878
46 1342
46 1764
46 2603
47 1775
47 1819
48 1001
48 2365
48 2791
49 413
49 1120
49 2721
50 97
50 2232
50 2361
50 2468
50 2971
51 772
51 2528
51 2935
53 1880
53 2631
54 764
54 2083
54 2424
55 213
55 1056
55 2251
56 1496
56 1559
56 2429
58 1167
58 1866
59 695
59 957
59 2070
60 282
60 654
60 1526
60 2679
61 1313
61 2801
62 1116
62 1805
63 729
63 746
63 1970
63 2894
64 166
64 442
64 1142
64 1997
65 324
65 1345
65 1826
65 2859
66 396
66 610
66 699
66 710
66 1322
66 2761
66 2950
67 599
67 1649
67 1746
67 2478
68 233
68 1605
68 1685
68 1767
68 1803
69 79
69 387
69 1524
69 1824
69 1936
70 164
70 2210
71 618
71 712
71 2735
72 527
72 1588
72 2648
73 153
73 1607
73 2917
74 817
74 1073
74 1246
74 1840
74 2743
75 1122
75 1304
75 1399
75 1887
75 2393
76 713
76 890
76 2472
77 2176
77 2802
78 1062
78 1456
78 1633
78 2868
78 2923
79 161
79 419
79 586
79 2455
79 2896
80 1027
80 1982
80 2380
81 406
81 2219
81 2868
82 1800
83 985
83 1960
83 2290
84 92
84 493
84 793
84 2521
85 458
85 1250
85 2442
86 1395
86 1860
87 585
87 777
87 1399
87 1804
87 2408
87 2552
88 114
88 1334
88 1592
89 1184
89 1999
89 2094
89 2246
90 2767
91 854
92 2101
93 105
93 1807
93 2548
94 439
94 1688
94 2856
95 1679
95 2820
95 2889
96 2207
97 1067
97 1153
98 1651
98 2328
99 208
100 1154
100 2032
100 2445
100 2457
100 2552
101 2503
101 2903
102 803
103 1083
103 1087
103 2147
103 2320
103 2529
104 1992
104 2913
106 916
106 2375
107 1635
107 2570
108 306
108 771
108 1478
108 1546
108 1924
108 1947
108 2482
109 642
109 1447
110 164
110 287
110 617
110 1658
110 2009
111 1904
111 2134
113 167
113 379
114 335
114 1051
115 886
115 1230
116 1601
116 1887
117 1089
117 2148
117 2832
118 644
118 996
118 2057
118 2634
119 1504
120 2528
121 772
122 683
122 2650
122 2931
123 1913
123 1927
123 2006
124 983
124 1392
124 1995
125 992
126 573
126 1496
126 2239
127 617
127 734
127 879
127 1029
128 1108
128 2129
128 2370
129 850
129 2130
130 372
130 2373
130 2873
131 186
131 815
131 1341
131 2799
132 1320
132 2411
133 313
133 890
134 342
135 1696
135 2238
135 2752
136 1104
136 1743
136 2457
137 205
137 2290
137 2529
138 1527
138 1967
138 2255
138 2706
139 361
139 913
139 1163
139 2246
140 289
140 536
140 1274
140 2055
141 823
142 497
142 1059
142 1792
144 1520
144 2878
145 1402
145 1485
145 1701
145 2709
146 2521
146 2841
147 973
148 305
148 350
148 481
148 981
148 1984
149 340
149 1550
149 1646
149 2097
149 2610
149 2769
150 1082
150 1556
150 1805
151 232
151 750
151 1441
152 1072
152 1319
152 2574
153 660
153 1052
153 1347
153 2006
153 2294
153 2453
154 192
154 1656
156 310
156 2544
156 2575
157 1069
157 2169
158 2917
159 1774
159 2520
160 967
161 510
161 747
161 1224
161 1444
161 2127
161 2179
161 2738
162 614
162 1034
162 1061
162 2726
163 540
163 947
163 1546
163 1942
163 2179
163 2306
163 2828
164 511
164 799
164 1108
164 2569
165 285
165 1803
165 2551
166 592
166 1484
166 2764
168 1869
169 213
169 638
169 1249
170 459
170 1562
170 1746
170 2212
170 2301
170 2617
171 949
171 1315
171 2369
172 713
172 2605
173 263
173 1036
173 1658
174 577
174 1042
174 1484
174 1654
175 387
175 1114
175 1824
175 2711
176 873
176 1260
177 1416
177 1724
178 1150
178 1293
178 2041
179 448
179 1686
179 2745
180 1109
180 2828
181 2059
181 2811
182 446
182 530
182 811
182 821
182 1374
182 2503
183 1958
183 2793
184 1372
184 2865
185 862
185 1498
185 1553
185 2790
185 2822
186 1458
186 2728
187 999
187 1935
187 2594
187 2903
188 1970
188 2113
188 2190
189 403
189 1096
189 1173
189 2058
191 854
191 1569
191 2009
192 898
192 1234
193 1119
193 1487
193 1814
193 2111
194 2905
195 802
195 1182
195 1722
195 2404
196 1256
196 1713
196 2472
196 2979
197 799
197 2222
198 2168
199 400
200 2749
200 2759
201 624
201 1497
203 1452
204 205
204 2204
205 1354
206 577
206 1412
206 1653
206 1910
206 2675
207 570
207 1131
207 2074
208 1961
208 2805
208 2859
209 365
209 2893
210 421
210 1115
210 1334
211 629
211 1436
211 2033
211 2588
212 1021
212 1221
212 1234
212 1701
212 2118
213 240
213 1086
213 1103
213 1107
213 1561
213 1678
214 2291
215 843
215 1456
215 1549
216 322
216 1037
216 1430
216 2271
217 450
217 1086
217 1088
217 1089
217 2354
217 2786
217 2942
218 449
218 921
218 1150
218 1386
218 2042
218 2353
218 2387
219 1312
219 2939
220 1657
221 1413
221 1891
221 1958
221 2007
221 2296
222 1304
222 2693
223 2741
223 2799
224 245
224 664
224 1270
224 2690
224 2860
225 2355
226 456
226 1509
226 2197
226 2253
227 956
227 1313
227 1686
227 1733
227 1944
228 813
228 1236
228 2677
229 1295
229 1538
231 390
231 711
231 1876
231 2001
232 390
232 1427
232 2144
232 2687
232 2771
233 2695
233 2761
234 355
234 579
234 1680
234 1877
234 2515
235 422
235 1101
235 1352
235 1864
235 2013
235 2517
236 389
236 391
236 1719
236 1898
236 2176
237 1142
238 1948
238 2444
238 2867
239 575
239 1256
239 1987
239 2215
240 781
240 2277
241 1640
241 1829
241 2513
241 2520
241 2562
242 1328
242 1510
242 1965
242 2673
242 2816
243 1763
243 1999
243 2364
243 2511
244 1070
244 1246
244 1792
244 1867
244 2454
244 2522
245 1300
245 1837
245 2058
245 2963
246 1552
246 2704
246 2947
247 2550
248 316
248 483
250 684
250 2310
250 2318
250 2975
251 853
251 954
251 1530
252 1224
252 1608
252 2404
252 2744
253 412
253 483
253 2706
254 302
254 1065
254 2695
256 540
256 1178
256 2457
256 2477
257 609
257 2450
259 1737
259 2570
259 2805
259 2915
260 491
260 1001
260 1206
260 2172
261 546
261 1617
261 1907
261 2098
262 375
262 1156
262 1316
262 1558
262 1832
262 2022
262 2367
263 644
263 778
263 1511
263 1903
263 2196
264 1059
264 2052
264 2871
265 651
265 890
265 1945
265 2109
266 2487
267 914
267 1729
267 2009
267 2906
268 364
268 1005
269 1100
269 2488
269 2877
270 1125
270 2051
271 1290
271 1847
271 1848
272 1317
272 1650
272 2790
272 2818
273 1484
273 2296
273 2410
273 2623
274 736
274 1389
275 276
275 1181
275 2730
276 1965
276 2471
276 2679
277 804
277 2486
278 2855
279 988
280 1046
280 2147
281 353
281 395
281 2216
281 2269
282 317
282 1326
282 2781
283 324
283 552
283 938
283 1802
283 2425
283 2995
284 638
284 1788
285 2831
286 2488
287 491
287 929
288 398
288 411
288 634
289 1737
290 301
290 1821
291 392
291 457
291 881
291 1935
292 824
292 1285
292 2633
292 2709
293 1029
293 2333
294 838
294 1772
294 1974
294 2526
295 1283
295 1373
295 1996
295 2568
296 803
296 884
296 1172
296 2136
296 2953
297 1562
298 1087
298 1170
298 1656
298 2612
299 968
299 1131
299 1787
300 1381
300 1841
300 2061
300 2509
301 1389
301 1470
302 792
302 2282
302 2665
303 1118
303 1859
303 2181
303 2467
303 2935
304 396
304 1292
305 1097
305 2540
306 2431
306 2690
307 834
307 843
307 1443
307 1683
307 1717
309 1425
309 1503
309 1520
309 1935
310 498
310 1279
310 1703
310 2156
310 2230
311 315
311 1505
311 2238
311 2870
312 957
313 1134
314 1539
315 339
315 887
315 2939
316 358
316 1713
317 829
317 1066
317 1141
317 1739
318 523
318 636
318 1491
319 535
319 661
319 1838
319 2200
319 2890
320 978
320 999
320 1200
320 2197
320 2350
321 786
321 936
321 1020
321 1228
321 2573
322 620
322 1617
322 1620
322 1671
322 2679
322 2938
323 764
323 986
323 1795
323 2159
324 586
324 668
324 1293
324 2297
324 2995
325 1198
325 2653
326 2142
326 2271
327 703
327 1175
327 2690
328 1094
328 1260
328 2516
329 2997
330 507
330 893
330 981
330 1280
330 1451
330 1553
330 1610
330 1639
330 2237
331 507
331 541
331 1158
331 1734
331 2004
331 2306
331 2905
332 878
332 2752
332 2863
333 1787
333 1796
333 2373
334 919
334 1359
335 514
335 689
335 1531
335 1559
335 1610
335 1772
335 2651
335 2800
335 2925
336 628
336 695
336 2525
337 415
337 454
337 532
337 1111
337 1790
337 1863
339 510
339 878
339 2309
339 2617
340 597
340 1157
340 1691
340 1872
341 2240
341 2334
342 1516
342 2450
342 2520
343 785
343 1052
343 1214
344 663
344 1948
346 449
346 708
346 1406
346 2568
346 2611
346 2881
346 2990
347 993
347 1312
347 1692
347 1982
347 2314
347 2556
347 2707
348 981
348 1521
348 1563
348 1582
348 2235
348 2974
349 1121
349 1731
349 2465
350 739
350 2701
351 1024
351 1072
352 414
353 700
353 2000
354 380
354 1746
354 2814
355 432
355 902
355 913
356 792
357 761
357 808
357 1455
357 1778
358 459
358 501
358 2646
359 967
359 1127
359 1280
359 1724
360 1364
360 1366
360 2896
361 1095
361 1483
362 477
362 821
362 1240
362 1566
362 2680
363 1602
363 1699
364 1491
364 1655
364 1895
364 2462
365 1517
365 1538
365 2318
366 1337
366 2158
367 1720
367 1817
367 2385
367 2634
368 3000
369 1989
369 2160
370 582
370 915
370 2231
370 2427
370 2490
371 425
372 1217
372 2357
373 1734
373 2292
373 2692
374 1066
374 1290
374 1378
374 2428
374 2550
374 2565
374 2956
375 1430
375 1951
375 2218
376 684
376 900
376 2921
377 1028
377 1121
377 1418
377 2673
379 2355
379 2613
380 2594
380 2702
380 2742
381 604
381 1193
381 2157
382 619
382 1213
382 1561
382 2451
382 2581
383 534
383 649
383 1938
383 2270
383 2471
384 913
385 942
385 1346
385 2997
386 843
386 1364
386 1922
386 2269
386 2971
387 1040
387 1224
387 2463
388 554
388 572
388 982
388 1590
388 1935
388 2178
389 418
389 969
389 1122
389 2056
389 2156
390 394
390 682
390 1251
390 1395
390 1876
390 2935
391 799
391 1461
391 1485
392 1654
392 1767
392 2899
393 583
393 629
393 1259
393 2885
393 2923
394 883
394 1101
394 2070
394 2708
395 865
395 962
395 2616
395 2754
396 1216
396 2965
397 674
397 843
398 1373
398 1419
399 1006
399 2461
400 1307
400 1697
400 2403
401 1293
401 2088
402 2348
403 476
403 581
403 2025
403 2329
403 2622
403 2891
404 1705
404 2141
404 2445
404 2482
405 1604
405 1816
405 2724
406 647
406 1299
407 1297
407 2682
407 2903
408 1575
408 2467
409 1086
409 2723
409 2758
410 894
411 1730
412 1797
412 1983
412 2507
412 2666
412 2695
413 669
413 1027
413 1560
413 2280
414 1425
414 2278
415 1049
415 1084
416 1478
416 1621
416 1853
416 2607
418 946
419 1514
420 1020
420 1946
421 941
421 1231
421 1508
421 1517
421 1829
421 2769
422 1140
422 1552
422 1634
422 2849
423 1495
423 1990
423 2205
424 861
424 981
424 1745
425 827
425 1209
425 1605
425 2214
426 448
426 629
426 757
426 877
426 1532
426 2581
426 2817
426 2935
427 1098
427 1565
427 1740
427 2425
428 1365
428 1962
429 1626
429 1977
429 2971
430 1113
430 1691
430 2004
431 1379
431 2556
432 1110
433 590
433 664
433 711
433 2218
433 2241
434 510
434 756
434 2667
435 1488
435 1530
436 702
436 928
436 1000
436 1025
436 1150
436 1313
436 1884
437 486
437 2818
438 481
438 2639
438 2939
438 2953
439 621
439 1095
439 1903
439 2716
440 842
440 974
440 1268
440 1968
440 2648
440 2973
441 534
441 1190
441 2026
441 2384
441 2584
442 1646
442 2553
443 891
443 1543
444 1042
444 1288
444 1385
444 1629
444 2086
444 2566
444 2832
445 1427
446 820
447 1441
447 2584
449 1513
449 1882
450 1323
450 2016
450 2753
451 2284
451 2636
452 532
452 1945
452 2771
453 771
453 2669
454 1095
454 1861
454 2258
454 2916
455 909
455 1989
455 2423
455 2931
456 1128
457 1715
458 1822
459 2410
460 1037
460 1606
461 892
461 1029
462 988
462 2487
463 561
463 902
463 1771
463 2133
464 1481
465 498
466 1358
466 2217
466 2995
467 497
468 818
468 865
469 728
469 1096
469 1560
469 1934
469 2729
470 570
470 912
470 946
470 2422
471 481
471 1217
471 1884
471 2863
472 1854
472 1855
472 2730
472 2771
472 2908
473 801
473 1456
474 965
474 1886
475 742
475 1903
476 666
476 1317
476 1317
476 1976
477 2041
478 723
478 780
478 977
478 1103
478 1319
478 1684
479 1058
479 1062
479 1136
479 3000
480 1555
480 2888
481 762
481 2087
481 2276
481 2482
482 2937
482 2960
483 682
483 949
483 1192
483 2012
484 568
484 1982
484 2278
485 802
485 1273
485 1668
486 1717
487 1806
487 2192
487 2225
487 2305
488 983
488 1539
488 2406
489 1937
489 2038
490 1509
490 1879
491 1076
491 1246
491 1672
491 1886
491 2373
491 2575
492 613
492 1058
492 1872
492 2488
493 2079
494 655
494 863
494 1081
494 1838
494 1866
495 1844
496 652
496 791
496 1607
497 805
497 1591
497 1786
497 2488
498 2250
499 856
500 1522
500 2642
500 2989
501 636
502 1727
502 2285
503 963
503 1020
503 2137
504 936
504 2552
505 2056
505 2596
505 2972
506 523
506 2332
506 2856
507 993
507 1195
508 1202
508 2015
509 1019
509 1100
509 1134
509 1216
509 1218
509 2469
510 1532
510 2098
511 770
511 1484
511 2050
511 2308
511 2406
511 2831
513 868
513 1800
513 1823
513 2111
513 2730
514 2156
514 2428
515 1610
515 2540
515 2834
516 1066
516 2874
517 1640
517 2449
517 2684
517 2981
518 606
518 1484
518 2653
518 2790
519 2036
519 2089
519 2338
520 2544
520 2924
521 631
521 1288
521 2605
522 841
522 1889
522 2298
522 2306
522 2528
523 2322
523 2572
524 992
524 1334
525 1748
525 1810
525 1862
527 870
527 1975
528 599
528 1077
528 2731
529 2384
529 2927
530 1413
530 1823
530 2152
531 589
531 1305
531 1958
531 2558
531 2936
532 1479
533 682
533 1469
533 2462
534 799
534 1005
534 1430
534 1976
534 2015
534 2470
534 2701
534 2822
535 1272
536 619
536 898
537 2233
537 2635
537 2972
538 1066
538 1574
538 1794
538 2569
538 2676
538 2991
539 1083
539 2016
541 599
541 1008
541 1095
541 2117
541 2407
542 2412
543 2575
544 1339
545 823
545 2293
545 2448
546 1053
546 1244
546 1722
546 1785
546 1856
547 2432
548 796
549 987
549 1286
549 1451
549 1892
549 2273
550 1264
550 2182
550 2463
551 988
551 2123
551 2570
552 1056
552 1712
552 2217
552 2694
552 2713
553 1348
553 2104
553 2644
554 699
554 707
554 1332
554 1672
555 836
555 1476
556 744
557 642
557 1417
557 2275
557 2614
558 1273
558 2511
558 2622
559 990
559 2117
559 2565
559 2885
560 2127
560 2351
561 1914
561 2399
561 2766
561 2945
562 1069
562 1199
562 2160
562 2506
563 1194
563 1726
563 2531
563 2637
564 1514
564 2529
564 2799
565 1302
565 1613
566 2110
567 740
567 810
567 928
567 1767
567 2599
567 2876
568 751
568 932
568 1316
568 1547
568 1681
568 2932
569 2806
570 956
570 1165
570 2860
571 2045
571 2289
571 2727
572 1094
572 1294
572 1296
572 2087
572 2723
573 1697
573 1819
573 2969
575 1038
575 1346
575 2239
575 2812
576 979
576 1174
576 1822
577 1160
577 1660
577 1973
578 674
578 1087
578 2230
579 1714
579 1822
580 1688
580 1953
580 2492
581 866
581 1065
581 1587
581 1673
581 2894
582 1156
583 808
583 1311
584 594
584 1560
584 1581
584 1649
584 2080
585 1045
585 1349
585 2574
586 658
587 1025
587 1133
587 2589
589 678
589 1037
589 1241
589 2335
589 2449
589 2851
590 899
590 1245
590 1438
590 2920
590 2988
591 1317
592 1167
592 1359
593 717
593 1275
593 2337
593 2359
594 1677
594 2015
594 2724
595 2031
595 2151
595 2256
595 2711
595 2819
596 823
596 891
596 907
596 966
596 2860
597 1956
597 2094
598 2755
599 2107
599 2624
599 2851
600 959
600 997
600 1574
600 2264
600 2610
600 2727
601 992
602 776
602 838
602 2042
602 2899
603 745
603 1291
603 1531
603 1850
604 1512
604 1686
604 2042
605 717
605 766
606 1583
606 2587
606 2611
607 1571
607 1968
607 2304
608 920
608 1134
608 2273
608 2350
609 1208
609 1224
609 2025
609 2547
610 1046
610 2098
611 2507
611 2783
612 1561
612 1585
612 1847
612 2989
613 751
613 1297
614 1946
614 2239
614 2675
614 2833
615 2226
616 1859
616 2345
616 2792
616 2815
617 874
617 1961
617 2190
617 2918
618 1108
618 2218
618 2325
618 2876
619 910
619 2753
619 2970
621 2087
621 2146
621 2540
621 2772
622 724
622 849
622 1217
622 1415
622 1757
623 822
623 1704
623 2058
623 2646
623 2725
624 1260
624 2291
624 2714
624 2718
625 1241
625 1449
625 2364
626 630
626 879
626 1170
626 1386
628 830
628 1046
628 1854
628 2508
628 2541
629 706
630 1120
630 2088
630 2422
631 2015
631 2215
632 743
632 886
632 1639
633 864
633 1961
634 638
634 1063
634 2551
636 1867
636 2676
637 758
637 1386
637 2532
638 1764
638 2965
639 1745
640 1041
640 1391
640 1423
640 1453
640 2025
641 1599
641 2586
642 854
642 2940
643 957
644 2766
644 2820
645 1116
645 1232
645 1390
645 1711
645 2487
646 711
646 941
646 977
646 1151
646 1634
646 1709
646 2231
646 2601
647 1921
647 2647
648 996
648 1214
648 1646
648 1648
649 2203
650 1087
650 1226
650 2111
651 967
651 1213
651 1433
651 2126
651 2184
651 2743
651 2838
652 2632
653 697
653 1081
653 1578
654 1234
654 1783
654 2938
655 1272
655 1764
655 2315
656 2200
657 835
658 942
658 1688
658 1777
658 2054
658 2914
659 702
659 1973
660 2407
661 1488
661 2170
661 2823
662 1922
663 1902
663 1974
663 2032
664 1347
664 1430
665 772
665 1031
665 1810
665 2177
665 2430
666 1158
666 1204
666 1656
666 1708
666 2291
666 2548
666 2764
667 1154
667 1392
667 1647
667 2095
668 838
668 1135
668 1395
668 1948
668 2241
668 2789
669 859
669 861
669 1185
669 1584
669 1747
670 1108
670 1445
671 2190
671 2361
671 2514
671 2884
672 810
673 994
673 1455
673 1754
674 1256
674 1589
674 1863
674 2298
675 1420
675 2780
676 1429
676 1694
677 848
677 1068
677 2049
677 2267
678 732
678 2777
678 2950
680 1983
681 1236
681 1377
681 2360
681 2397
681 2788
681 2998
682 817
682 828
682 1446
682 1630
682 1804
682 1833
682 1968
682 2204
682 2310
683 2433
683 2489
684 2471
684 2634
685 2030
685 2376
685 2459
686 753
686 1855
687 740
687 1135
687 1472
687 2288
688 2880
689 2617
689 2721
690 1911
690 2187
691 1286
691 1896
691 1938
691 2767
692 1060
693 2046
693 2960
694 1854
694 2056
694 2312
694 2322
694 2796
695 1196
695 1365
695 1484
695 1699
695 2656
696 1329
696 1867
696 2264
696 2319
696 2531
696 2554
696 2843
697 914
697 2212
697 2286
698 1102
699 870
699 1027
699 1053
699 2463
699 2599
699 2690
699 2988
700 962
700 1345
700 2260
700 2335
700 2759
703 1413
703 1449
704 881
704 1969
705 2148
705 2381
706 1166
706 1662
707 2124
707 2357
708 1408
708 1453
709 1598
709 2193
709 2610
710 1108
710 1699
710 2623
710 2970
711 1528
711 2843
712 1277
712 1555
712 2484
713 1489
714 945
715 941
715 1057
715 2406
716 1473
716 2480
716 2773
717 1300
717 2931
718 881
718 2017
719 2449
719 2476
720 751
720 1096
720 1484
720 1847
721 1593
722 1914
722 2464
723 1725
723 2224
724 1083
724 2156
725 743
725 2215
725 2917
728 2412
729 1045
730 1175
731 778
731 1373
731 1633
731 2383
731 2769
731 2779
733 2157
733 2279
733 2769
733 2972
734 957
734 1440
735 1208
735 1498
735 2180
735 2349
735 2513
735 2946
736 2120
736 2157
737 1223
738 1351
738 2043
738 2289
739 815
739 1956
739 2072
739 2140
739 2930
740 829
740 2648
742 910
742 1653
742 2087
744 755
744 1483
744 2324
744 2773
744 2838
745 1548
746 893
746 2192
746 2573
746 2969
747 2434
748 775
749 1697
749 2222
749 2246
750 2345
751 2624
752 1970
752 2030
753 1110
753 1176
753 1700
753 1934
753 2120
753 2362
756 1568
756 1898
756 2341
757 999
757 1228
757 1486
757 1754
758 764
758 1212
758 1616
758 2126
759 839
759 2219
760 1734
761 803
762 1088
762 1445
762 2173
762 2585
763 2302
763 2693
764 793
764 2464
764 2468
764 2646
765 1704
765 1996
765 2129
765 2559
766 839
766 1157
766 1269
766 1593
766 1964
766 2201
766 2444
766 2659
767 1536
768 837
768 1694
768 2176
768 2812
769 1065
769 1138
769 1450
769 2074
769 2169
769 2455
769 2917
770 1355
770 2924
771 1465
771 2262
771 2624
772 1784
773 1974
773 2592
773 2801
774 1177
774 2347
774 2771
774 2787
775 957
775 1314
775 2592
776 797
776 842
776 912
776 1526
776 1759
776 2088
776 2556
776 2723
776 2838
778 785
778 845
778 1572
778 1743
778 1879
778 2942
779 2393
779 2923
780 1302
780 1778
780 2663
781 1598
781 2016
781 2337
781 2478
782 1193
782 1829
782 2310
782 2334
783 916
783 1441
783 1849
783 2749
783 2979
785 794
785 919
785 1076
785 1166
785 1252
785 1267
786 1673
787 1656
787 2489
788 882
788 1246
788 1804
788 1994
788 2042
788 2054
788 2607
789 980
789 2183
791 972
791 2162
791 2168
791 2240
791 2990
792 1915
792 2145
793 1723
793 2835
793 2998
794 1589
794 2102
794 2151
794 2258
794 2351
795 1194
795 2705
795 2997
796 1496
796 1764
796 1841
796 2096
797 1244
797 2133
797 2786
798 1154
798 1944
799 2493
800 2674
801 968
801 993
801 1599
802 1537
802 1674
802 1797
803 1533
803 1692
804 2208
804 2255
805 1535
805 2056
805 2196
805 2341
807 1373
807 1599
807 2456
807 2831
808 814
808 1269
808 1998
809 938
809 1062
809 1891
809 2144
809 2381
809 2728
809 2778
809 2936
810 1197
810 1275
810 1466
810 2170
811 2203
811 2248
811 2332
811 2352
811 2896
812 913
812 927
812 1148
812 1868
812 2764
813 1206
813 1294
813 1500
813 2460
813 2483
813 2577
813 2958
814 1199
814 1320
814 2245
815 855
816 1075
816 1379
816 1557
816 1575
816 1806
816 1845
816 2661
816 2694
816 2864
817 820
817 1028
817 2202
819 1071
819 2129
820 1025
820 2715
821 1466
821 1497
821 1896
821 2896
822 906
822 1224
822 1518
822 1677
822 2635
823 2028
823 2166
824 1922
824 2379
825 952
825 2303
826 2341
826 2793
828 2099
828 2318
828 2797
828 2939
829 1091
829 1338
829 2487
830 1747
830 2467
831 1542
831 2866
832 1348
832 1449
832 1532
833 2109
833 2738
834 2107
834 2117
835 1688
835 1824
835 2793
835 2972
836 1297
836 1402
836 1410
836 1948
836 2145
836 2201
836 2683
836 2697
836 2816
837 2308
838 1888
838 2039
838 2137
838 2368
838 2702
840 1690
840 1872
840 2157
842 2020
843 850
843 1107
843 1408
843 1679
843 1978
843 2838
845 1582
845 2449
845 2950
846 1078
847 2933
848 1148
848 1449
848 1550
848 1753
848 1962
848 2447
848 2794
848 2897
849 1236
849 2239
850 904
850 2406
851 2398
851 2750
851 2796
852 1386
852 1619
852 1673
852 2570
852 2991
853 1058
853 2309
854 1813
854 2399
854 2424
854 2496
854 2697
855 1257
855 1312
855 1682
855 2153
855 2431
855 2640
855 2925
856 1205
856 2095
856 2186
857 871
857 1404
857 2637
858 905
858 2594
858 2759
859 982
859 1466
859 2655
860 899
860 1093
860 1127
860 1355
860 2257
860 2839
861 869
861 2009
861 2009
861 2525
862 1128
862 1349
862 1415
862 2392
862 2585
863 1155
864 1749
864 1797
864 2244
865 1414
865 1525
865 2915
866 1197
866 1822
866 2604
866 2650
867 1736
867 2507
867 2747
867 2901
868 1588
868 2506
868 2912
868 2942
869 1704
869 1822
869 2776
870 1721
870 1941
871 1233
871 2014
871 2025
871 2409
871 2635
872 955
872 1594
872 2474
873 1748
873 2776
873 2992
874 1387
874 1530
874 1605
874 2459
875 1025
875 2955
876 2047
876 2158
876 2562
877 1087
877 1572
877 2118
877 2397
877 2648
878 1233
879 888
880 1757
880 1830
881 1532
881 2161
882 1034
882 1663
883 1452
883 2586
883 2960
884 2492
885 1509
885 1578
885 1594
885 2547
886 1601
886 2335
886 2432
887 2166
887 2725
888 1580
888 2143
889 1391
889 1492
889 1954
889 2630
890 1932
890 2070
891 2692
892 1446
892 1553
892 1898
893 1189
893 1824
893 1965
894 2115
894 2729
894 2769
895 1430
895 1959
896 2073
896 2189
897 946
897 985
897 1605
897 2112
898 1886
899 1818
899 2850
900 1042
900 1582
900 1611
900 1976
900 1987
900 2107
900 2878
900 2901
901 1167
901 1303
901 2071
901 2249
902 1066
902 1158
902 1957
903 2003
903 2010
903 2239
903 2351
904 1469
904 1651
904 1889
904 1919
905 1324
905 2005
905 2460
905 2710
905 2833
906 2868
907 1078
907 1361
907 1636
907 2917
907 2968
908 2079
908 2128
908 2130
908 2512
909 1424
910 2327
911 1429
912 1719
912 2240
913 2591
913 2765
913 2955
914 1476
914 1483
915 1548
915 2018
915 2848
917 1232
917 1602
917 2444
917 2926
917 2992
918 1521
918 1680
919 2076
919 2137
920 1537
920 2469
921 2083
921 2173
921 2442
921 2856
922 2749
923 2014
924 1121
924 2062
924 2283
924 2642
927 2123
927 2413
928 1251
928 1867
929 1037
929 1641
929 2312
929 2747
930 1997
930 2515
931 1699
931 1862
931 1883
932 970
932 1077
933 1266
933 1709
933 1994
933 2022
934 935
934 1159
934 1750
934 2034
934 2402
935 1298
935 1571
935 2140
935 2220
935 2789
936 1194
936 1778
937 1275
937 1613
937 1958
938 1274
938 1593
939 1264
939 2367
939 2706
940 1549
940 1599
940 1959
940 2198
941 1463
942 2058
942 2109
942 2471
942 2780
943 1143
943 1166
943 2792
944 2036
944 2819
945 1188
945 1738
945 1878
946 1465
946 2005
946 2090
946 2996
947 1065
947 2584
947 2618
947 2639
947 2650
947 2958
948 1882
948 2362
949 1518
949 1968
949 2752
950 1281
950 1482
950 1783
950 2847
951 1000
952 1213
953 1288
953 1425
953 1620
953 2085
954 1056
954 2687
955 2630
955 2965
956 1052
956 1864
956 1901
957 1449
957 1596
957 1972
958 1020
958 1064
958 1431
958 2775
959 1227
959 1462
959 2175
959 2221
959 2248
959 2282
960 1027
960 1061
960 1625
961 1082
961 1700
961 1990
961 2341
961 2772
962 1549
962 1881
962 2221
962 2871
963 1707
964 1077
964 1865
964 1984
964 2014
964 2578
965 1111
965 2247
965 2329
966 1084
966 1792
966 2119
966 2220
966 2643
967 2373
968 1945
968 2113
969 1395
969 2516
969 2777
972 2138
973 2047
973 2253
974 2984
975 1049
975 1679
975 1696
975 1974
975 2099
975 2683
975 2797
976 1573
977 1804
978 1951
978 2041
978 2304
978 2539
978 2804
979 1242
979 1283
979 1610
979 2156
979 2517
979 2706
980 1365
981 1731
981 2796
982 1714
982 1988
982 2222
982 2366
982 2488
982 2619
983 2344
983 2501
984 2498
984 2667
985 1427
985 1993
985 2435
986 1687
986 1711
986 2707
986 2830
987 1512
987 1758
987 1803
987 1810
987 2404
988 1653
988 1721
988 2044
989 1043
989 1954
989 2571
990 1423
990 1895
990 2013
991 1212
991 1450
991 1640
994 1336
994 1536
995 1159
996 1416
996 1987
996 2174
996 2658
996 2758
997 1592
998 1761
998 2982
999 1191
999 1862
1000 1887
1001 2041
1001 2150
1001 2563
1002 2821
1003 2571
1003 2696
1004 2740
1005 1250
1005 1398
1006 1309
1006 2888
1008 2178
1009 1626
1010 1212
1010 2243
1010 2318
1011 2031
1011 2110
1011 2564
1012 1804
1012 2186
1012 2530
1013 1451
1013 1939
1013 2158
1013 2515
1013 2926
1014 1276
1014 1321
1014 1484
1014 2901
1015 2853
1016 1816
1016 2196
1016 2988
1017 1034
1017 1573
1017 1955
1017 2583
1017 2978
1018 1377
1018 1508
1018 1740
1018 2764
1018 2930
1019 1273
1019 2356
1019 2627
1020 2232
1020 2634
1020 2998
1021 1679
1021 2233
1021 2409
1022 2081
1023 2837
1023 2931
1024 2251
1024 2816
1025 1744
1026 1136
1026 1300
1026 1450
1026 1501
1026 1559
1026 2004
1026 2050
1026 2420
1027 1185
1027 1256
1027 1520
1027 2235
1027 2677
1027 2808
1028 1028
1028 2254
1028 2901
1029 2800
1029 2868
1030 1105
1030 1457
1030 2396
1031 1109
1031 1652
1032 1148
1032 2233
1033 1102
1033 2798
1033 2847
1034 1462
1034 1748
1034 1909
1034 2000
1035 1797
1035 2547
1035 2637
1036 1058
1036 1524
1036 1821
1037 1303
1037 1660
1037 2350
1037 2450
1037 2619
1038 2548
1039 1553
1039 1824
1039 1862
1040 1280
1040 2040
1040 2331
1041 2355
1041 2529
1042 1153
1042 2385
1043 2044
1043 2786
1044 1211
1044 1217
1044 1223
1044 2961
1045 1348
1045 1370
1045 1489
1045 1861
1045 1899
1045 1940
1045 2125
1046 1662
1046 2290
1046 2461
1046 2480
1046 2706
1046 2723
1047 1330
1047 2011
1047 2449
1048 1101
1048 1196
1048 1854
1048 1946
1048 1998
1048 2303
1048 2935
1048 2968
1049 1638
1049 1716
1049 2569
1049 2903
1050 1874
1051 1652
1051 1980
1052 1348
1052 1577
1052 1957
1052 2069
1053 1574
1054 2053
1054 2703
1055 1100
1055 2050
1055 2157
1055 2317
1056 1333
1057 1950
1057 2077
1057 2887
1058 1736
1058 1798
1058 1875
1058 2060
1058 2268
1058 2830
1059 1189
1059 1519
1059 1610
1059 1855
1059 2029
1059 2034
1059 2407
1059 2770
1060 1924
1061 2086
1061 2376
1062 2866
1063 1375
1063 2147
1064 1751
1064 1781
1064 2102
1064 2480
1065 1406
1065 2148
1065 2388
1066 1418
1066 1726
1067 1349
1067 1517
1068 1298
1068 2243
1068 2330
1069 2223
1070 1143
1070 1224
1070 1895
1070 2123
1070 2537
1071 1522
1071 2881
1072 1781
1073 1462
1073 2283
1073 2389
1074 1256
1074 1716
1074 1786
1074 1874
1074 2218
1075 1511
1075 1626
1075 1858
1075 2811
1076 2532
1078 1264
1078 1500
1079 1570
1079 2429
1079 2913
1080 1220
1081 1142
1081 1605
1081 1920
1081 2572
1081 2933
1082 1437
1082 2779
1083 1144
1083 2106
1083 2437
1083 2599
1083 2938
1084 1398
1084 2167
1084 2543
1085 1378
1085 1560
1086 1778
1087 1328
1087 1764
1087 2107
1087 2495
1088 1807
1088 2320
1089 2500
1090 2029
1090 2127
1091 1404
1091 1485
1091 1808
1091 1879
1091 2187
1091 2754
1091 2917
1092 1097
1092 1130
1092 1453
1092 2850
1093 1908
1093 2087
1093 2087
1093 2191
1093 2284
1093 2762
1094 2641
1094 2748
1095 2961
1096 1359
1096 2052
1096 2065
1096 2589
1096 2593
1097 1231
1097 1329
1097 1877
1097 2030
1097 2815
1098 1123
1098 1386
1098 1769
1098 1898
1098 1921
1098 2589
1098 2889
1099 2318
1100 1216
1100 1570
1100 1573
1100 1632
1100 1743
1100 1754
1100 2507
1101 1797
1101 2294
1102 1814
1102 2044
1102 2635
1103 1837
1103 2138
1103 2438
1104 1585
1104 1863
1104 1915
1104 2032
1104 2751
1104 2779
1105 2171
1105 2633
1105 2866
1106 2891
1107 1801
1107 2049
1107 2540
1108 1221
1108 1312
1108 1547
1108 2042
1108 2147
1108 2300
1108 2517
1109 1206
1109 1248
1109 2003
1109 2938
1110 1350
1110 1399
1110 1853
1111 2700
1111 2877
1112 1604
1112 2519
1112 2520
1112 2843
1113 2211
1113 2476
1113 2643
1114 1477
1114 1684
1114 2227
1115 2573
1115 2947
1116 1494
1116 1967
1116 2677
1117 1590
1117 1669
1117 2596
1118 2422
1118 2824
1118 2928
1119 2163
1120 1270
1120 1592
1120 1894
1120 2078
1120 2439
1121 1505
1121 1845
1121 2578
1122 1451
1122 2016
1123 2651
1123 2721
1124 1459
1124 2115
1124 2293
1124 2504
1125 1599
1125 2422
1126 1380
1126 1615
1126 2551
1126 2824
1127 1540
1127 1781
1127 2772
1127 2792
1128 1664
1128 2141
1129 1254
1129 2029
1130 1202
1130 1777
1131 1165
1131 1170
1131 1481
1131 1720
1131 2378
1131 2564
1131 2855
1132 2140
1132 2490
1132 2590
1132 2967
1133 1776
1133 2497
1134 1200
1134 2389
1134 2981
1134 2992
1135 1441
1135 1646
1135 1958
1135 2334
1135 2392
1136 1855
1136 2998
1137 1744
1137 1897
1139 1156
1139 2596
1140 2435
1140 2551
1141 1548
1141 2065
1141 2337
1142 1520
1142 2226
1142 2727
1142 2882
1143 2717
1144 1856
1144 1896
1145 1284
1145 1549
1145 1699
1145 2315
1145 2455
1145 2564
1146 1343
1146 1483
1146 1811
1146 2056
1146 2647
1147 1356
1147 1402
1147 1766
1147 2367
1148 1987
1148 1999
1148 2162
1148 2280
1149 1292
1149 1491
1149 1681
1149 2321
1149 2467
1150 1295
1150 1330
1150 1463
1150 2570
1151 1238
1151 1721
1151 1921
1151 2465
1151 2760
1151 2893
1152 1576
1152 1918
1152 2174
1152 2389
1152 2551
1152 2564
1153 1847
1154 1357
1154 1394
1154 2120
1154 2284
1154 2905
1155 1816
1155 2336
1155 2361
1155 2441
1157 1195
1157 1843
1157 1947
1157 2112
1157 2254
1158 2670
1159 2122
1160 2691
1160 2798
1161 1414
1161 2048
1161 2577
1161 2646
1162 1429
1162 1938
1162 2187
1162 2902
1163 1718
1163 2548
1163 2976
1163 2992
1164 1174
1164 1576
1165 1650
1165 2073
1165 2479
1165 2877
1166 2769
1167 1262
1167 2438
1168 1552
1168 1885
1169 2174
1169 2855
1170 1766
1170 2355
1171 1336
1171 1814
1171 2836
1172 1827
1172 2332
1172 2603
1173 1175
1173 2205
1173 2657
1173 2793
1175 1716
1175 1900
1175 2486
1175 2559
1176 1499
1176 2257
1176 2832
1176 2958
1177 1862
1177 1903
1177 2145
1177 2906
1178 1617
1178 1619
1178 1639
1179 1246
1179 2219
1180 1555
1180 1890
1180 2184
1180 2436
1181 2035
1181 2306
1182 1653
1182 1750
1182 1809
1182 1995
1182 2805
1182 2857
1183 1654
1183 2186
1183 2951
1184 1784
1184 1918
1184 1951
1184 2548
1184 2750
1185 2707
1187 2113
1187 2748
1187 2759
1187 2953
1188 1322
1188 2255
1188 2498
1189 1597
1189 2126
1189 2585
1189 2835
1190 1460
1190 1553
1190 1843
1190 1890
1190 1910
1191 2846
1191 2973
1193 1220
1193 1321
1193 1778
1193 2354
1193 2948
1194 1649
1194 2210
1194 2601
1195 1951
1195 2148
1195 2366
1195 2425
1195 2736
1196 2367
1196 2540
1196 2697
1197 1383
1197 1692
1197 1844
1198 1300
1198 1365
1198 2247
1198 2862
1199 2000
1200 1234
1200 1273
1200 2420
1200 2445
1200 2861
1201 1830
1202 1417
1202 1656
1202 2333
1203 1560
1203 2880
1204 1315
1204 2122
1205 1546
1206 2435
1206 2454
1207 1767
1207 2867
1208 2764
1209 1767
1209 2203
1209 2696
1209 2863
1210 1288
1210 1311
1210 1682
1210 1896
1210 2186
1210 2980
1211 1545
1211 1720
1211 2373
1213 1493
1213 1980
1213 2386
1213 2513
1214 1243
1215 2854
1216 2499
1216 2516
1216 2562
1216 2688
1217 2536
1217 2672
1217 2719
1217 2729
1218 1855
1218 2290
1219 1288
1219 2484
1219 2983
1220 1956
1220 2478
1220 2619
1220 2730
1221 1463
1221 1652
1222 1317
1222 2254
1222 2622
1222 2646
1223 1782
1223 1951
1223 2784
1224 1510
1224 2912
1225 2867
1226 1406
1226 2279
1226 2724
1226 2925
1227 1416
1227 1425
1227 2106
1227 2160
1227 2678
1228 2218
1228 2968
1229 1295
1229 1424
1231 1975
1231 2910
1232 1438
1232 2252
1232 2899
1233 2049
1233 2096
1233 2654
1235 2645
1236 1450
1236 2071
1237 1870
1237 2074
1237 2301
1238 1830
1239 1737
1240 1754
1240 2878
1241 1516
1241 1596
1241 2164
1243 2200
1243 2498
1243 2826
1245 1392
1245 1949
1245 2248
1245 2923
1246 1251
1246 2549
1246 2875
1246 2925
1246 2967
1247 2267
1247 2777
1247 2830
1248 1452
1248 1474
1248 1631
1248 2286
1248 2630
1249 1950
1249 2582
1249 2807
1250 1535
1250 2251
1250 2423
1252 1263
1252 2400
1252 2681
1253 1591
1253 1916
1253 2054
1253 2363
1253 2625
1254 1627
1254 2621
1255 1820
1255 1950
1256 1706
1256 2069
1257 1693
1257 1754
1257 2649
1257 2819
1258 1309
1258 1778
1258 1878
1258 2103
1259 2033
1259 2088
1259 2412
1259 2609
1259 2708
1260 2009
1260 2509
1260 2519
1261 1775
1261 2476
1261 2594
1262 2107
1262 2749
1263 2410
1263 2808
1263 2985
1264 1368
1264 1925
1264 2113
1264 2600
1264 2716
1265 1499
1265 1872
1265 2762
1266 1592
1266 2138
1266 2781
1267 1376
1267 1516
1267 2295
1267 2423
1267 2985
1268 2823
1268 2965
1270 2361
1271 2384
1271 2915
1271 2988
1272 1870
1273 2218
1273 2645
1274 2261
1274 2273
1274 2808
1274 2904
1275 1487
1275 2349
1275 2660
1275 2681
1276 1611
1276 1982
1276 2456
1277 1466
1277 1874
1277 2138
1277 2229
1278 2273
1279 1505
1279 1958
1279 2263
1280 1937
1280 2120
1280 2239
1281 1423
1281 2117
1282 1899
1282 2160
1282 2388
1282 2393
1282 2640
1282 2899
1283 1373
1283 1685
1284 1626
1284 2113
1284 2174
1284 2612
1285 1596
1285 1619
1285 1825
1285 1852
1286 2334
1287 1976
1288 1396
1288 1910
1288 1950
1288 1955
1288 2085
1289 1600
1289 1864
1289 2895
1290 2882
1291 2335
1291 2413
1291 2905
1291 2963
1292 2313
1292 2366
1293 1293
1293 1747
1293 1963
1293 2506
1294 1386
1294 1977
1295 1604
1295 1781
1296 1620
1296 1796
1296 1813
1296 2129
1296 2395
1296 2465
1296 2707
1296 2848
1297 1929
1297 2729
1298 2256
1298 2766
1299 1395
1299 1766
1299 2559
1300 1678
1300 2134
1300 2463
1300 2934
1301 1331
1301 2150
1302 2201
1302 2382
1303 1468
1303 2023
1304 1453
1304 1856
1304 1902
1305 1621
1305 1642
1306 2616
1306 2821
1307 1644
1307 2232
1307 2395
1307 2802
1307 2812
1307 2945
1309 1897
1310 2148
1310 2451
1310 2470
1310 2613
1310 2909
1311 1437
1311 1900
1311 1952
1311 2137
1312 1377
1312 1934
1312 2880
1314 1501
1314 1587
1314 2058
1315 1343
1315 1495
1315 2443
1315 2896
1316 1756
1316 1817
1316 1896
1316 2826
1317 1507
1317 1662
1317 1916
1317 2200
1317 2652
1317 2815
1317 2856
1318 1742
1318 1932
1318 2276
1318 2469
1318 2525
1319 1818
1319 2584
1319 2663
1320 1493
1320 2289
1320 2345
1321 1342
1321 2117
1321 2136
1321 2636
1321 2695
1322 1339
1322 2077
1322 2369
1322 2540
1323 1530
1323 1642
1323 1756
1323 2262
1324 2181
1324 2966
1325 1381
1325 2031
1325 2261
1325 2557
1326 1959
1326 2260
1326 2767
1327 2570
1328 2182
1329 1344
1329 1673
1329 1965
1329 2201
1329 2204
1330 2454
1330 2519
1330 2906
1330 2952
1331 1683
1331 1696
1331 1962
1331 2036
1331 2100
1331 2509
1331 2719
1332 1346
1332 1699
1332 2208
1332 2753
1332 2892
1333 1536
1333 1571
1333 1794
1333 2479
1333 2642
1334 1568
1335 1429
1335 1504
1335 1563
1335 2175
1335 2436
1336 1768
1336 1941
1336 2144
1336 2517
1337 1430
1337 2007
1337 2110
1337 2408
1338 2042
1338 2674
1339 2994
1341 1806
1341 1917
1341 2481
1341 2713
1342 1598
1342 1858
1342 2169
1342 2767
1343 2046
1343 2112
1343 2402
1344 1827
1344 2762
1345 2560
1345 2686
1346 2415
1346 2468
1346 2756
1347 2129
1347 2960
1348 1908
1348 2834
1349 2237
1349 2682
1349 2985
1350 2114
1352 1731
1352 2498
1353 2306
1353 2397
1354 1743
1354 1787
1354 2125
1354 2284
1355 1568
1356 1666
1358 1860
1358 1958
1358 2064
1358 2832
1359 1598
1359 2276
1359 2504
1360 1422
1360 1434
1360 2341
1361 1611
1361 1737
1361 2281
1361 2474
1361 2920
1362 1742
1362 2215
1362 2549
1363 2676
1364 2565
1365 1795
1365 2736
1366 1400
1366 1532
1366 1710
1366 1979
1366 2350
1366 2533
1366 2553
1366 2674
1366 2765
1367 1695
1367 2236
1367 2564
1368 1550
1368 1685
1368 2090
1368 2490
1368 2578
1369 2069
1369 2277
1369 2421
1369 2950
1370 2261
1370 2610
1371 2745
1372 1823
1372 1906
1372 2157
1373 1457
1373 1596
1373 2559
1374 2163
1375 1761
1375 1875
1375 2019
1375 2310
1375 2895
1376 1648
1376 2161
1376 2281
1376 2464
1376 2618
1377 1756
1377 2803
1377 2959
1378 1451
1378 1708
1378 1747
1378 2665
1379 2487
1380 1822
1380 2701
1381 1717
1381 1833
1381 2414
1381 2921
1382 1765
1382 1767
1382 1807
1382 2693
1382 2831
1382 2984
1383 2310
1384 1470
1384 1731
1385 1692
1385 2389
1385 2559
1386 1507
1386 1557
1386 2201
1386 2306
1386 2793
1387 1484
1387 2354
1387 2450
1388 1635
1388 1992
1389 1474
1389 1511
1389 2290
1389 2318
1389 2627
1390 1690
1390 1760
1392 1599
1392 1613
1392 1946
1392 1975
1392 2074
1392 2233
1392 2453
1393 1490
1393 2341
1393 2876
1394 2786
1395 1457
1395 2063
1395 2171
1395 2203
1395 2285
1396 1604
1396 2724
1398 2470
1398 2845
1399 1450
1399 1656
1399 2190
1399 2213
1399 2345
1399 2525
1399 2789
1401 1887
1401 1966
1402 1504
1402 1951
1402 1980
1402 2228
1402 2640
1402 2724
1403 1406
1403 1531
1403 1893
1404 2206
1404 2519
1404 2561
1405 2569
1405 2572
1405 2636
1406 1446
1406 2059
1406 2982
1407 1652
1407 2593
1407 2616
1408 2352
1409 2024
1409 2489
1410 1604
1410 2296
1410 2937
1411 2169
1411 2391
1411 2605
1412 1733
1412 1869
1412 1899
1412 1911
1412 2042
1412 2218
1412 2810
1414 1720
1414 2358
1414 2830
1415 2260
1415 2478
1416 1501
1416 1786
1416 2911
1417 2088
1417 2552
1417 2708
1418 1588
1418 2347
1418 2466
1419 2376
1420 1490
1420 2114
1420 2226
1420 2667
1421 1628
1421 1889
1422 1598
1422 2015
1422 2102
1422 2592
1423 1760
1423 1885
1424 1789
1424 1914
1424 2133
1424 2546
1424 2587
1424 2634
1424 2809
1425 1785
1425 2302
1426 1745
1427 1643
1427 1866
1427 2084
1427 2666
1427 2691
1427 2768
1427 2793
1427 2980
1428 1573
1428 2765
1428 2965
1429 2155
1429 2700
1429 2714
1430 1614
1431 1763
1431 1860
1431 2150
1431 2557
1431 2785
1431 2998
1432 2144
1432 2411
1432 2756
1433 1817
1433 2554
1434 1802
1434 2695
1435 1442
1435 1861
1435 1919
1435 2358
1435 2944
1436 1550
1436 1911
1437 1598
1437 2092
1438 1862
1439 1571
1439 2885
1440 1653
1440 2258
1440 2534
1441 1604
1441 1730
1441 2056
1441 2366
1442 1810
1442 2508
1442 2657
1442 2734
1443 2634
1443 2712
1443 2981
1444 1871
1444 2287
1444 2330
1445 2511
1445 2814
1445 2888
1446 2219
1446 2219
1446 2385
1446 2982
1447 2033
1448 1642
1448 1740
1448 2522
1448 2540
1448 2854
1449 2063
1449 2444
1450 1460
1450 1581
1450 1915
1450 2431
1450 2810
1451 2026
1451 2421
1451 2434
1451 2751
1451 2960
1452 1889
1452 2489
1452 2983
1453 2050
1453 2462
1453 2856
1454 1807
1454 2749
1454 2820
1454 2849
1454 2967
1455 2003
1456 1499
1456 1648
1456 1805
1456 2375
1456 2392
1457 2027
1457 2271
1458 2146
1459 1806
1459 1968
1459 2003
1459 2075
1459 2779
1460 1545
1460 1557
1460 1759
1460 2053
1460 2155
1460 2491
1460 2702
1461 2422
1462 2594
1462 2997
1463 1478
1463 1794
1463 2021
1463 2075
1463 2698
1463 2848
1464 2235
1464 2364
1464 2739
1465 2521
1466 1560
1466 1897
1466 2138
1467 1976
1467 2907
1468 1667
1468 2392
1468 2439
1469 1656
1469 1744
1469 2370
1469 2483
1470 2057
1470 2612
1471 1575
1471 1737
1472 1654
1472 1772
1472 2236
1472 2809
1473 2271
1473 2332
1473 2436
1474 1908
1474 2036
1474 2655
1474 2696
1474 2828
1475 1799
1475 2554
1475 2721
1475 2801
1476 2073
1476 2973
1476 2993
1477 2161
1477 2495
1478 2124
1478 2583
1479 1978
1479 2678
1479 2881
1480 2662
1480 2708
1481 1723
1482 1925
1482 2841
1483 1519
1483 1744
1483 2536
1483 2599
1484 2038
1485 1506
1485 2106
1485 2344
1485 2402
1485 2439
1485 2495
1485 2661
1486 2247
1486 2793
1486 2814
1487 2308
1487 2515
1487 2586
1487 2882
1488 1699
1488 1857
1488 1966
1488 2928
1489 1954
1489 2222
1489 2733
1490 2122
1491 1772
1491 2857
1491 2912
1492 1963
1493 1907
1493 2413
1493 2833
1494 1659
1494 1971
1494 2015
1494 2217
1494 2224
1494 2606
1495 1692
1496 1983
1496 2274
1496 2486
1497 1535
1497 2472
1497 2583
1497 2660
1497 2971
1499 2092
1499 2156
1499 2506
1499 2522
1499 2853
1500 1670
1500 1816
1500 1920
1500 2055
1501 1772
1501 1903
1501 2352
1502 1523
1503 1959
1503 1974
1503 2238
1503 2911
1504 2241
1505 1907
1505 2342
1505 2724
1506 2134
1506 2151
1506 2258
1508 2035
1508 2928
1509 2234
1509 2314
1509 2662
1509 2997
1510 1536
1510 1695
1511 2562
1512 2141
1512 2878
1513 1520
1513 2085
1513 2186
1513 2963
1514 1669
1514 1924
1514 2091
1514 2336
1514 2835
1515 1978
1515 2523
1515 2803
1516 1592
1516 1679
1516 2059
1516 2137
1516 2143
1516 2343
1516 2346
1517 2210
1517 2628
1518 2235
1520 1911
1520 2483
1520 2778
1522 1837
1522 1870
1522 2340
1522 2819
1523 1583
1525 1588
1525 1707
1525 1843
1525 2947
1526 1676
1526 2502
1527 1877
1527 2828
1528 2216
1528 2483
1528 2632
1528 2672
1528 2761
1528 2833
1529 1999
1529 2137
1530 1675
1530 1943
1530 1986
1530 2176
1531 2281
1532 2013
1532 2458
1532 2532
1532 2558
1533 1991
1534 1541
1534 2306
1535 1806
1535 2327
1536 1966
1537 2726
1538 2865
1538 2933
1538 2976
1539 1833
1539 2145
1539 2443
1540 2142
1541 1826
1541 1851
1542 2043
1542 2431
1542 2582
1543 2860
1545 1868
1545 1926
1545 1953
1545 2756
1545 2867
1546 1614
1546 2035
1547 2061
1548 2004
1548 2138
1549 2142
1549 2334
1549 2340
1550 1719
1550 2521
1550 2693
1551 2785
1552 1980
1552 2527
1553 1900
1553 2508
1554 2931
1554 2945
1555 1828
1556 1772
1556 1964
1556 2256
1556 2641
1557 1584
1557 2057
1557 2222
1557 2379
1557 2900
1558 2648
1558 2978
1559 2208
1560 2401
1560 2599
1560 2833
1560 2899
1561 1749
1561 2005
1561 2041
1561 2128
1561 2406
1562 1772
1562 2372
1562 2712
1563 1642
1563 1937
1563 2614
1563 2746
1565 1614
1565 2934
1566 2596
1566 2630
1567 1858
1567 1892
1567 2274
1567 2713
1568 2507
1568 2546
1568 2625
1569 1761
1569 1868
1569 1871
1569 2352
1569 2727
1569 2822
1570 2151
1571 1782
1571 1939
1571 2253
1571 2355
1571 2585
1571 2721
1571 2966
1572 2512
1573 1747
1573 1864
1573 2893
1574 2138
1574 2194
1574 2540
1575 1886
1576 1889
1576 2408
1576 2481
1577 1584
1577 1789
1578 1870
1579 2791
1580 1868
1580 1897
1580 2112
1580 2692
1580 2937
1582 1635
1582 1787
1582 2617
1583 2124
1583 2219
1583 2587
1583 2930
1584 2539
1584 2704
1584 2832
1585 2170
1585 2950
1586 1810
1586 1942
1586 2167
1586 2358
1588 2035
1588 2482
1588 2636
1588 2651
1588 2680
1589 1935
1589 2151
1590 1672
1590 1756
1590 2131
1590 2435
1590 2918
1592 1632
1592 2120
1592 2957
1593 2057
1593 2556
1593 2641
1593 2845
1594 1719
1594 2206
1594 2313
1594 2641
1594 2748
1595 1704
1595 2084
1596 1615
1596 2084
1596 2155
1596 2324
1596 2505
1596 2649
1597 1907
1598 1663
1598 2400
1598 2414
1598 2611
1599 2050
1599 2123
1599 2273
1600 1708
1600 2013
1600 2665
1600 2912
1601 1801
1601 1847
1601 2717
1601 2930
1601 2995
1602 1947
1602 2014
1602 2700
1602 2829
1603 2972
1604 1705
1604 2321
1605 1659
1605 1793
1607 1957
1607 1975
1607 1994
1607 2180
1607 2873
1607 2935
1608 1726
1608 2351
1609 2076
1609 2915
1610 2032
1610 2561
1611 2444
1611 2488
1611 2628
1611 2638
1612 2108
1612 2953
1613 2270
1613 2295
1613 2842
1614 2005
1614 2087
1614 2480
1614 2886
1615 2203
1616 1618
1616 1620
1616 1971
1616 2015
1616 2081
1616 2823
1617 1722
1617 1786
1617 2148
1617 2312
1617 2555
1617 2906
1617 2920
1618 1960
1618 2046
1619 1793
1619 2183
1619 2578
1619 2580
1619 2676
1619 2939
1620 2220
1620 2321
1620 2651
1621 1891
1622 1805
1622 1954
1622 2432
1623 1745
1623 2237
1623 2570
1625 1846
1625 1909
1626 1644
1626 2422
1627 2851
1628 2360
1628 2744
1628 2803
1629 1971
1629 2061
1629 2545
1629 2670
1630 2101
1630 2516
1630 2745
1630 2809
1631 1659
1631 2044
1631 2138
1631 2265
1631 2361
1631 2844
1631 2995
1632 1735
1632 1949
1632 1978
1632 2196
1632 2349
1632 2472
1633 2070
1633 2957
1634 2693
1635 1905
1635 2986
1636 2034
1636 2346
1636 2580
1636 2864
1637 2187
1637 2497
1637 2920
1638 1959
1638 1964
1638 2123
1638 2453
1638 2533
1638 2717
1639 1959
1639 2046
1640 2667
1640 2699
1640 2771
1640 2780
1641 1865
1641 2882
1642 1794
1642 2619
1642 2713
1643 2225
1643 2684
1644 1655
1644 1776
1644 1810
1644 1919
1644 2094
1644 2256
1644 2306
1644 2917
1645 2037
1645 2171
1646 1914
1646 2155
1647 1888
1647 2798
1648 1990
1648 2003
1649 2823
1649 2996
1650 1929
1650 2289
1651 1666
1651 2095
1651 2354
1651 2448
1652 2432
1652 2445
1653 2992
1654 1757
1654 2459
1654 2843
1654 2918
1655 1881
1656 2141
1656 2946
1657 2025
1657 2149
1657 2211
1657 2551
1657 2558
1658 2151
1658 2184
1658 2357
1658 2600
1658 2751
1658 2761
1658 2906
1658 2930
1659 1695
1659 1946
1659 2377
1660 1787
1660 2082
1660 2318
1660 2553
1661 2261
1661 2538
1661 2935
1662 1854
1662 1943
1662 2719
1663 1894
1663 2697
1664 1914
1664 2547
1665 1817
1665 1854
1665 2143
1665 2300
1665 2362
1665 2372
1665 2842
1665 2843
1666 2226
1666 2520
1667 1735
1667 2068
1667 2387
1667 2579
1668 1701
1668 2340
1668 2812
1668 2825
1669 1967
1669 2237
1669 2437
1669 2456
1669 2781
1669 2880
1670 2561
1671 1973
1671 2035
1671 2193
1671 2356
1671 2802
1672 2405
1674 2499
1674 2673
1675 1706
1675 1707
1675 1948
1675 2066
1675 2173
1675 2682
1675 2739
1676 2139
1676 2908
1677 1729
1677 1875
1677 1993
1677 2001
1677 2985
1678 2098
1678 2148
1678 2994
1679 1802
1679 2717
1679 2813
1679 2844
1680 1767
1680 1930
1680 2007
1680 2824
1680 2941
1681 2043
1681 2258
1681 2459
1681 2948
1682 2423
1682 2573
1682 2959
1683 1720
1683 1877
1683 2977
1684 1684
1684 1825
1684 2030
1684 2252
1684 2865
1685 2604
1686 1742
1686 1743
1686 2549
1686 2580
1687 1721
1687 2128
1687 2792
1687 2849
1688 1774
1688 2157
1688 2300
1689 2146
1689 2270
1689 2292
1689 2343
1689 2626
1691 2269
1691 2572
1692 2117
1693 2774
1694 1720
1694 1967
1694 2646
1694 2657
1694 2780
1694 2925
1695 2045
1695 2298
1695 2725
1695 2971
1696 2344
1696 2436
1696 2920
1697 1777
1697 1838
1697 1848
1697 1927
1698 2080
1698 2773
1698 2799
1699 1840
1699 2099
1699 2418
1700 2020
1700 2043
1701 2666
1702 2242
1703 1829
1703 2318
1703 2668
1703 2765
1704 2652
1704 2860
1705 2061
1705 2160
1705 2918
1706 2121
1706 2321
1706 2328
1706 2576
1707 1797
1707 1822
1708 1931
1708 2485
1709 1904
1709 2007
1709 2208
1710 2004
1710 2237
1710 2816
1711 2074
1711 2227
1711 2255
1711 2654
1711 2802
1712 1762
1712 2081
1712 2086
1713 1929
1713 2200
1713 2931
1714 2050
1714 2126
1714 2170
1715 1719
1715 1771
1715 2276
1715 2350
1715 2974
1716 2093
1717 1841
1717 2522
1718 1881
1718 2163
1718 2294
1718 2751
1719 1767
1719 2564
1720 1744
1720 2364
1720 2558
1720 2568
1720 2725
1720 2734
1721 2295
1721 2969
1722 1739
1722 2326
1722 2523
1723 2119
1724 2432
1725 1882
1725 2486
1726 1779
1726 2787
1727 1976
1727 2007
1727 2241
1728 2442
1728 2560
1730 2022
1731 1810
1731 2273
1731 2578
1731 2794
1732 2363
1732 2646
1733 1844
1733 2081
1734 1767
1734 2511
1734 2792
1734 2905
1735 1900
1735 2798
1736 1855
1737 2069
1737 2178
1737 2320
1737 2328
1738 2993
1739 1783
1739 2387
1740 1987
1740 2437
1740 2558
1740 2562
1741 2626
1741 2709
1741 2755
1741 2884
1742 1802
1742 1841
1742 2359
1743 1782
1743 2453
1744 1785
1744 2173
1744 2211
1744 2394
1745 2218
1745 2314
1745 2515
1745 2626
1745 2981
1746 2009
1746 2221
1746 2707
1746 2784
1746 2825
1747 1837
1747 2821
1748 2068
1748 2368
1748 2650
1748 2687
1749 1932
1750 1864
1750 1884
1750 1995
1750 2765
1751 1836
1751 2382
1752 1972
1752 2754
1753 2852
1754 1977
1756 1785
1756 2721
1757 2039
1757 2135
1757 2569
1757 2806
1758 2354
1758 2793
1758 2872
1759 1810
1759 1853
1759 2356
1759 2579
1759 2672
1762 1837
1762 2648
1762 2949
1763 1950
1763 2152
1763 2273
1763 2284
1764 2143
1764 2725
1764 2762
1765 1847
1765 2147
1765 2808
1766 2377
1766 2624
1767 2872
1768 1863
1768 2262
1770 1778
1770 2553
1770 2603
1770 2908
1771 1990
1771 2175
1771 2176
1772 2251
1772 2372
1772 2389
1772 2662
1772 2953
1773 2027
1773 2682
1774 2866
1775 2715
1776 1846
1776 2629
1777 2869
1779 2071
1780 2508
1780 2546
1780 2884
1780 2919
1780 2967
1782 1797
1782 2154
1783 2364
1783 2628
1783 2714
1783 2748
1784 1863
1784 1933
1784 2177
1784 2729
1784 2815
1785 2496
1785 2530
1786 2508
1786 2509
1787 2169
1787 2255
1788 1967
1788 2237
1788 2323
1788 2673
1789 2251
1789 2643
1789 2675
1790 2427
1790 2768
1791 2875
1791 2902
1792 1913
1792 2387
1792 2699
1792 2714
1792 2748
1793 2021
1793 2308
1793 2982
1794 2170
1794 2456
1794 2567
1794 2677
1794 2958
1794 2971
1795 2267
1796 2032
1796 2765
1797 2963
1798 1985
1799 2166
1799 2379
1799 2538
1800 2843
1801 2220
1801 2802
1801 2995
1802 1824
1802 1902
1802 2403
1802 2408
1802 2430
1803 1873
1803 1981
1803 2409
1803 2463
1803 2616
1804 1964
1804 2009
1804 2263
1804 2406
1804 2820
1804 2904
1806 2023
1807 2014
1807 2152
1807 2372
1807 2917
1808 2089
1808 2124
1808 2244
1808 2365
1808 2589
1808 2589
1809 2581
1810 2009
1810 2736
1810 2967
1811 2039
1811 2263
1811 2402
1812 1944
1812 2468
1813 1832
1813 2017
1813 2379
1813 2744
1814 1932
1814 2470
1815 2200
1815 2428
1815 2545
1815 2982
1816 1993
1816 2330
1816 2825
1816 2970
1817 2331
1818 2062
1818 2443
1818 2751
1819 2771
1819 2774
1820 2007
1820 2156
1820 2434
1820 2715
1821 2003
1821 2114
1821 2617
1821 2779
1822 2336
1822 2366
1822 2475
1823 2777
1823 2973
1823 2978
1824 2737
1825 1909
1825 2066
1825 2169
1825 2190
1825 2464
1825 2593
1825 2830
1825 2855
1825 2923
1826 1930
1826 2032
1827 2104
1827 2964
1828 2362
1828 2641
1829 2192
1829 2701
1829 2718
1829 2902
1831 1972
1831 2060
1831 2421
1831 2574
1831 2926
1831 2983
1832 1899
1832 2486
1833 2241
1834 2023
1834 2704
1835 2262
1835 2521
1836 2058
1836 2157
1836 2778
1836 2980
1837 1855
1837 1888
1837 2082
1837 2213
1837 2214
1837 2589
1837 2911
1838 1956
1838 2604
1838 2944
1839 2056
1839 2241
1839 2415
1840 1855
1840 2187
1840 2544
1841 1854
1841 1888
1841 2032
1841 2178
1841 2850
1842 1977
1842 2118
1842 2479
1842 2935
1843 1885
1843 2582
1844 1915
1844 2367
1845 2036
1845 2243
1845 2785
1846 2034
1846 2607
1846 2698
1847 2559
1848 2248
1848 2249
1848 2483
1848 2627
1849 1984
1849 2231
1849 2308
1850 2103
1850 2117
1850 2593
1850 2655
1850 2692
1851 2209
1851 2294
1852 1972
1853 2080
1853 2232
1853 2299
1853 2773
1854 2165
1854 2740
1854 2856
1855 2052
1855 2316
1855 2449
1855 2533
1855 2647
1855 2678
1856 2263
1857 2024
1858 1908
1858 2135
1858 2453
1858 2505
1859 1880
1860 1952
1860 2146
1860 2276
1860 2291
1860 2309
1860 2601
1860 2895
1862 2096
1862 2385
1863 1939
1863 2043
1863 2244
1863 2417
1863 2471
1863 2806
1864 2022
1864 2061
1864 2784
1865 1902
1865 2230
1865 2455
1865 2481
1865 2509
1866 2086
1867 2019
1867 2375
1867 2574
1867 2590
1867 2753
1867 2896
1868 1964
1868 2901
1868 2997
1869 2535
1870 2824
1870 2827
1871 2145
1871 2159
1871 2162
1871 2616
1872 2349
1872 2408
1873 2220
1873 2458
1873 2554
1873 2628
1873 2799
1874 1999
1874 2153
1874 2347
1874 2832
1875 2181
1877 2380
1877 2568
1877 2590
1877 2620
1878 2617
1878 2892
1878 2943
1878 2973
1880 2174
1880 2257
1880 2426
1880 2778
1881 2380
1881 2395
1881 2893
1882 1985
1882 2336
1883 2074
1883 2133
1883 2368
1883 2731
1883 2885
1884 2074
1884 2243
1884 2669
1884 2760
1884 2825
1885 2518
1885 2525
1885 2817
1886 2377
1886 2745
1887 2404
1888 1964
1889 2652
1889 2789
1890 2055
1890 2473
1891 1923
1891 2154
1892 2165
1892 2168
1892 2836
1893 2304
1893 2307
1893 2847
1893 2913
1893 3000
1894 2346
1894 2599
1894 2751
1895 2135
1895 2181
1895 2556
1895 2898
1896 2090
1898 2058
1898 2332
1898 2445
1898 2465
1898 2683
1899 1969
1899 2171
1899 2411
1899 2667
1899 2695
1900 2150
1901 2046
1901 2076
1901 2123
1902 2123
1902 2665
1903 2059
1903 2298
1903 2532
1903 2927
1904 2070
1904 2223
1904 2738
1904 2780
1904 2991
1905 1920
1905 2798
1905 2972
1906 2259
1906 2320
1907 2128
1907 2149
1907 2435
1907 2446
1907 3000
1908 2367
1909 2091
1909 2717
1910 1915
1910 2539
1910 2583
1911 2711
1912 2298
1912 2799
1912 2853
1912 2927
1912 2946
1913 2130
1913 2483
1913 2961
1914 2422
1914 2485
1915 2458
1915 2938
1916 2016
1916 2209
1916 2463
1916 2515
1916 2771
1917 2124
1917 2733
1917 2777
1917 2990
1918 2216
1918 2235
1918 2810
1919 2042
1919 2797
1920 2296
1920 2525
1920 2832
1920 2854
1921 2073
1921 2361
1921 2789
1921 2826
1921 2950
1922 2860
1923 2747
1923 2876
1923 2951
1924 2719
1925 2176
1925 2490
1925 2534
1925 2581
1926 2156
1926 2405
1927 2365
1928 2049
1928 2912
1929 2233
1929 2367
1929 2845
1930 2285
1930 2314
1930 2386
1930 2629
1931 2673
1931 2853
1931 2964
1932 2400
1932 2904
1933 2258
1933 2433
1933 2620
1933 2757
1933 2884
1934 2368
1934 2716
1935 1941
1935 1955
1936 2650
1936 2740
1936 2863
1936 2881
1936 2938
1937 2954
1938 2615
1938 2890
1938 2978
1939 1969
1939 2181
1939 2564
1939 2950
1939 2950
1939 2960
1940 2121
1940 2664
1941 2000
1941 2033
1941 2197
1941 2369
1941 2628
1942 2002
1942 2121
1942 2547
1942 2975
1943 2752
1944 2378
1944 2410
1945 2171
1945 2221
1946 1985
1946 2008
1947 2046
1948 2018
1948 2066
1948 2527
1949 2767
1950 2119
1950 2732
1951 1980
1951 2724
1951 2984
1952 2027
1952 2085
1952 2085
1952 2249
1952 2663
1953 2018
1953 2084
1953 2165
1953 2213
1953 2218
1954 2617
1954 2641
1954 2761
1955 2052
1955 2652
1955 2938
1956 2161
1956 2573
1957 2105
1957 2488
1957 2844
1957 2925
1958 2055
1958 2548
1959 1978
1959 2269
1960 2657
1961 2951
1962 2112
1962 2519
1962 2519
1963 2111
1963 2614
1963 2710
1963 2740
1963 2852
1965 2340
1965 2372
1965 2969
1966 2539
1966 2905
1967 2368
1967 2426
1967 2545
1967 2594
1967 2599
1967 2930
1968 2172
1968 2789
1968 2834
1968 2884
1969 2073
1969 2213
1969 2312
1969 2428
1969 2454
1970 2129
1970 2521
1971 2076
1971 2211
1971 2476
1972 2011
1972 2062
1972 2110
1972 2149
1972 2561
1972 2607
1972 2612
1972 2889
1973 2509
1974 2113
1974 2284
1975 2041
1975 2127
1976 2079
1976 2455
1977 2481
1978 2166
1979 2849
1980 2044
1980 2451
1980 2593
1980 2745
1981 2056
1981 2717
1981 2817
1982 2589
1982 2894
1983 2310
1983 2452
1983 2569
1983 2857
1983 2867
1983 2984
1984 2168
1984 2800
1984 2918
1984 2956
1985 2043
1985 2348
1986 2392
1986 2597
1986 2723
1987 1991
1987 2127
1987 2351
1987 2360
1987 2408
1987 2455
1987 2467
1987 2615
1987 2845
1988 2230
1988 2498
1988 2747
1989 2062
1989 2181
1989 2423
1989 2544
1989 2711
1989 2977
1990 2023
1990 2543
1990 2610
1990 2997
1991 2411
1991 2462
1991 2760
1992 2429
1993 2212
1993 2912
1994 2675
1994 2936
1995 2163
1995 2552
1995 2654
1995 2654
1995 2738
1995 2955
1996 2699
1996 2825
1997 2331
1998 2017
1998 2026
1998 2048
1998 2239
1998 2347
1999 2562
1999 2692
1999 2941
2000 2417
2000 2567
2000 2826
2001 2067
2001 2187
2001 2530
2001 2533
2001 2632
2002 2047
2002 2719
2002 2749
2003 2553
2003 2684
2003 2745
2003 2934
2004 2876
2005 2417
2006 2076
2006 2851
2007 2113
2007 2418
2007 2653
2007 2727
2007 2874
2007 2890
2008 2079
2008 2095
2008 2558
2008 2781
2008 2938
2009 2149
2010 2382
2011 2195
2011 2389
2011 2522
2011 2845
2012 2050
2012 2156
2012 2191
2012 2219
2012 2340
2012 2414
2012 2501
2013 2229
2013 2439
2013 2524
2013 2737
2013 2761
2013 2954
2014 2032
2014 2453
2014 2794
2015 2253
2015 2266
2015 2698
2016 2019
2016 2994
2017 2097
2017 2334
2017 2503
2017 2935
2018 2512
2018 2593
2019 2049
2019 2746
2020 2419
2020 2462
2020 2507
2020 2719
2020 2970
2021 2200
2021 2441
2021 2476
2021 2565
2021 2894
2021 2961
2022 2347
2022 2349
2022 2824
2024 2391
2024 2426
2024 2809
2024 2814
2024 2906
2025 2342
2025 2817
2025 2975
2026 2589
2027 2232
2027 2745
2028 2164
2028 2416
2028 2968
2029 2700
2030 2114
2030 2341
2030 2361
2030 2839
2030 2999
2031 2585
2032 2490
2034 2118
2034 2243
2034 2289
2034 2900
2035 2073
2035 2847
2036 2227
2036 2233
2036 2475
2036 2622
2036 2769
2037 2328
2037 2502
2037 2662
2037 2803
2037 2847
2038 2089
2038 2243
2038 2365
2038 2512
2039 2230
2039 2292
2039 2997
2040 2712
2040 2789
2040 2940
2041 2129
2041 2503
2042 2601
2042 2846
2044 2217
2044 2285
2044 2332
2044 2462
2044 2533
2044 2971
2045 2443
2045 2696
2045 2983
2046 2261
2046 2933
2046 2962
2047 2144
2047 2156
2047 2196
2047 2709
2047 2752
2048 2356
2048 2791
2048 2930
2049 2530
2049 2606
2049 2710
2050 2097
2050 2321
2050 2711
2051 2704
2051 2858
2052 2797
2052 2824
2053 2307
2053 2622
2054 2691
2054 2910
2055 2152
2055 2230
2055 2500
2055 2725
2055 2798
2056 2271
2056 2463
2056 2950
2057 2079
2057 2250
2057 2354
2058 2132
2059 2113
2059 2180
2059 2210
2059 2482
2059 2595
2059 2706
2060 2503
2060 2538
2061 2279
2061 2489
2061 2714
2061 2792
2062 2575
2063 2522
2063 2555
2063 2778
2063 2989
2064 2414
2064 2418
2065 2461
2066 2140
2066 2734
2067 2261
2067 2279
2067 2719
2068 2392
2068 2946
2069 2187
2069 2280
2069 2780
2070 2159
2070 2304
2070 2360
2070 2950
2071 2134
2071 2148
2071 2315
2071 2374
2071 2380
2072 2216
2072 2248
2072 2380
2072 2708
2072 2752
2072 2894
2073 2233
2074 2245
2074 2408
2074 2665
2074 2697
2074 2768
2074 2944
2075 2237
2075 2262
2075 2394
2075 2399
2075 2762
2075 2866
2076 2251
2076 2437
2076 2852
2076 2865
2076 2884
2077 2077
2077 2597
2079 2995
2079 2997
2080 2110
2080 2199
2080 2473
2080 2702
2081 2086
2081 2174
2081 2723
2082 2410
2082 2528
2082 2770
2082 2854
2082 2983
2083 2462
2083 2572
2083 2855
2084 2096
2084 2309
2084 2364
2084 2497
2084 2804
2084 2993
2085 2423
2085 2886
2086 2111
2087 2471
2088 2177
2088 2324
2088 2422
2088 2669
2088 2747
2088 2827
2089 2559
2089 2848
2090 2890
2090 2990
2091 2159
2091 2426
2091 2980
2092 2172
2092 2255
2092 2296
2092 2964
2093 2352
2093 2647
2093 2717
2094 2244
2094 2274
2094 2677
2094 2803
2095 2116
2095 2558
2095 2975
2096 2618
2097 2215
2097 2610
2097 2786
2097 2844
2098 2737
2098 2788
2098 2964
2099 2971
2100 2279
2100 2614
2100 2851
2100 2924
2101 2254
2101 2441
2102 2183
2103 2248
2103 2638
2103 2884
2103 2962
2104 2163
2105 2210
2105 2361
2106 2509
2107 2125
2107 2420
2107 2563
2107 2862
2108 2319
2108 2930
2109 2773
2109 2774
2109 2864
2110 2140
2110 2251
2111 2538
2111 2876
2112 2123
2112 2741
2112 2823
2113 2117
2113 2351
2113 2382
2113 2427
2113 2526
2113 2528
2113 2642
2113 2694
2113 2706
2113 2866
2113 2881
2114 2579
2114 2727
2114 2836
2114 2891
2114 2933
2114 3000
2115 2248
2116 2214
2116 2422
2116 2615
2116 2763
2117 2139
2117 2171
2117 2406
2117 2512
2117 2664
2117 2741
2117 2764
2117 2976
2118 2378
2118 2507
2119 2282
2119 2983
2120 2176
2120 2246
2120 2473
2120 2501
2121 2669
2121 2698
2121 2809
2121 2827
2121 2944
2121 3000
2122 2523
2123 2381
2123 2433
2123 2724
2124 2481
2124 2557
2124 2605
2124 2791
2124 2883
2125 2357
2125 2673
2126 2222
2126 2242
2126 2316
2126 2556
2127 2244
2127 2658
2127 2671
2127 2734
2128 2544
2128 2595
2128 2855
2128 2898
2128 2941
2129 2266
2130 2149
2130 2149
2130 2257
2130 2553
2131 2165
2131 2173
2131 2809
2131 2896
2131 2898
2132 2337
2132 2422
2132 2589
2132 2889
2132 2897
2134 2873
2134 2928
2135 2282
2135 2349
2135 2364
2135 2410
2135 2711
2136 2611
2136 2988
2137 2553
2137 2702
2137 2863
2138 2526
2138 2656
2139 2743
2139 2786
2139 2944
2139 2960
2140 2694
2142 2362
2142 2526
2143 2273
2143 2815
2144 2204
2144 2878
2144 2885
2145 2199
2145 2235
2145 2314
2145 2378
2145 2382
2146 2204
2146 2571
2147 2259
2147 2333
2147 2416
2147 2807
2148 2181
2148 2265
2148 2601
2148 2767
2148 2826
2149 2307
2149 2481
2149 2755
2149 2844
2150 2317
2151 2367
2151 2793
2151 2930
2152 2989
2153 2370
2153 2789
2153 2850
2154 2348
2154 2581
2154 2905
2154 2927
2155 2225
2155 2293
2155 2678
2156 2377
2156 2382
2156 2820
2156 2865
2157 2533
2157 2702
2157 2760
2157 2830
2158 2376
2158 2669
2158 2733
2159 2719
2159 2894
2159 2918
2159 2932
2160 2388
2160 2429
2160 2804
2160 2804
2161 2552
2161 2575
2161 2814
2161 2921
2161 3000
2162 2867
2163 2312
2163 2582
2163 2666
2163 2846
2164 2277
2164 2697
2164 2764
2164 2808
2165 2697
2165 2794
2165 2851
2166 2256
2166 2949
2167 2436
2167 2997
2168 2586
2168 2618
2169 2218
2169 2295
2169 2764
2170 2326
2170 2677
2170 2758
2170 2936
2171 2781
2171 2834
2171 2911
2172 2943
2173 2705
2173 2776
2173 2824
2174 2231
2174 2359
2174 2378
2174 2728
2174 2817
2175 2408
2175 2523
2175 2595
2176 2731
2176 2801
2177 2301
2177 2378
2177 2428
2177 2548
2178 2450
2178 2949
2179 2443
2179 2785
2179 2836
2180 2426
2181 2235
2181 2846
2182 2589
2182 2810
2183 2841
2183 2886
2184 2208
2184 2240
2184 2368
2185 2319
2185 2420
2185 2582
2185 2913
2186 2235
2187 2357
2187 2749
2188 2673
2188 2768
2189 2504
2189 2720
2189 2825
2189 2853
2189 2907
2190 2719
2191 2510
2191 2674
2191 2721
2191 2737
2191 2906
2192 2272
2192 2541
2192 2860
2192 2906
2193 2261
2193 2286
2193 2569
2193 2574
2194 2316
2194 2421
2194 2604
2194 2617
2194 2719
2194 2821
2194 2895
2195 2986
2196 2365
2196 2523
2196 2931
2197 2340
2197 2990
2198 2768
2199 2280
2199 2443
2201 2264
2201 2324
2201 2391
2201 2791
2201 2878
2201 2923
2202 2376
2202 2717
2203 2246
2203 2252
2203 2471
2203 2680
2204 2337
2205 2324
2206 2356
2206 2690
2206 2823
2206 2896
2207 2656
2208 2322
2208 2588
2208 2859
2209 2725
2209 2785
2210 2844
2211 2275
2211 2388
2211 2446
2212 2962
2213 2475
2213 2513
2213 2622
2213 2933
2213 2975
2214 2237
2214 2458
2214 2821
2214 2840
2215 2350
2216 2329
2216 2464
2216 2519
2216 2781
2216 2822
2216 2913
2217 2355
2217 2458
2217 2494
2217 2506
2217 2794
2218 2494
2218 2956
2219 2621
2220 2567
2220 2837
2221 2678
2221 2695
2222 2660
2222 2843
2222 2967
2223 2323
2223 2408
2223 2922
2224 2261
2224 2336
2224 2388
2224 2470
2224 2497
2224 2535
2225 2899
2225 2954
2226 2749
2226 2957
2227 2462
2227 2640
2227 2875
2228 2426
2228 2679
2228 2897
2228 2898
2229 2402
2229 2571
2229 2665
2230 2586
2230 2663
2230 2752
2230 2773
2230 2812
2230 2964
2231 2328
2232 2321
2232 2372
2232 2498
2233 2513
2233 2738
2233 2763
2234 2328
2234 2649
2234 2725
2235 2900
2236 2461
2236 2737
2237 2489
2237 2794
2237 2848
2237 2907
2237 2920
2238 2585
2238 2975
2238 2995
2239 2401
2239 2446
2239 2494
2239 2675
2240 2247
2240 2519
2240 2594
2241 2391
2241 2651
2241 2833
2241 2965
2242 2508
2242 2527
2242 2622
2242 2692
2242 2714
2243 2426
2243 2546
2243 2614
2243 2635
2244 2295
2246 2398
2246 2523
2246 2971
2247 2268
2247 2291
2247 2316
2247 2464
2247 2822
2248 2526
2249 2305
2249 2415
2249 2495
2249 2629
2250 2417
2250 2588
2250 2606
2251 2513
2251 2513
2251 2547
2251 2591
2251 2674
2251 2939
2253 2844
2253 2951
2255 2489
2255 2573
2255 2631
2255 2716
2255 2840
2256 2571
2256 2601
2256 2899
2256 2929
2256 2977
2257 2575
2257 2815
2258 2280
2258 2721
2259 2273
2259 2361
2259 2394
2259 2521
2259 2696
2259 2723
2259 2822
2260 2286
2260 2365
2260 2421
2260 2465
2260 2466
2260 2506
2260 2646
2260 2750
2261 2718
2261 2855
2261 2912
2262 2448
2262 2503
2262 2696
2262 2761
2263 2633
2263 2657
2263 2723
2263 2898
2263 2969
2264 2348
2264 2352
2264 2495
2264 2553
2264 2613
2264 2891
2264 2926
2264 2938
2265 2992
2266 2625
2267 2595
2267 2871
2267 2891
2268 2504
2268 2521
2268 2717
2268 2723
2268 2785
2268 2795
2269 2344
2269 2645
2270 2430
2270 2437
2270 2498
2270 2510
2270 2972
2271 2330
2271 2896
2272 2924
2273 2354
2273 2415
2273 2684
2274 2440
2274 2765
2275 2325
2275 2696
2275 2922
2276 2412
2276 2442
2277 2787
2277 2918
2278 2288
2278 2510
2278 2522
2279 2284
2279 2582
2279 2619
2279 2737
2279 2808
2280 2300
2280 2374
2280 2628
2280 2665
2280 2783
2280 2863
2281 2295
2281 2559
2282 2454
2282 2793
2283 2807
2285 2375
2285 2517
2285 2552
2285 2558
2285 2562
2285 2881
2286 2512
2286 2586
2287 2543
2287 2584
2287 2637
2287 2717
2287 2829
2287 2978
2288 2353
2288 2655
2288 2960
2289 2643
2289 2677
2289 2799
2289 2845
2289 2980
2290 2478
2290 2603
2290 2625
2290 2969
2290 2982
2291 2946
2291 2966
2292 2432
2292 2532
2292 2565
2292 2578
2292 2848
2292 2997
2293 2529
2293 2667
2294 2400
2294 2425
2294 2474
2294 2789
2294 2894
2294 2955
2295 2576
2295 2684
2295 2889
2296 2886
2297 2333
2297 2371
2297 2386
2298 2432
2299 2646
2300 2429
2300 2650
2300 2723
2300 2953
2301 2891
2302 2871
2302 2928
2302 2992
2303 2321
2303 2700
2303 2727
2304 2388
2304 2685
2305 2362
2305 2476
2305 2615
2305 2816
2306 2898
2307 2376
2307 2484
2307 2522
2307 2945
2308 2390
2308 2480
2308 2766
2308 2882
2309 2322
2309 2464
2309 2518
2309 2996
2310 2621
2310 2788
2311 2331
2311 2405
2311 2620
2311 2643
2312 2403
2312 2955
2313 2780
2314 2387
2314 2621
2314 2687
2314 2707
2314 2799
2315 2466
2315 2797
2315 2807
2316 2363
2316 2639
2317 2332
2317 2447
2317 2664
2317 2796
2317 2878
2317 2990
2317 2993
2318 2429
2318 2457
2318 2816
2319 2810
2319 2993
2320 2443
2320 2597
2320 2995
2321 2435
2321 2461
2321 2468
2321 2499
2321 2790
2321 2974
2322 2581
2322 2719
2322 2985
2323 2490
2323 2609
2323 2895
2324 2500
2325 2334
2325 2674
2325 2782
2326 2587
2327 2335
2327 2694
2328 2529
2328 2629
2328 2695
2328 2921
2328 2928
2329 2486
2329 2507
2329 2684
2329 2792
2329 2809
2330 2552
2330 2731
2331 2535
2331 2812
2331 2875
2331 2995
2332 2650
2332 2817
2332 2887
2333 2465
2333 2966
2334 2336
2335 2386
2335 2532
2335 2714
2335 2875
2335 2882
2336 2446
2336 2711
2337 2516
2337 2741
2337 2962
2338 2558
2338 2597
2338 2978
2338 2988
2339 2522
2339 2881
2341 2570
2342 2514
2342 2538
2342 2558
2342 2781
2342 2932
2343 2677
2343 2767
2343 2812
2344 2574
2344 2778
2344 2806
2344 2845
2345 2397
2345 2468
2345 2757
2345 2890
2345 2961
2346 2430
2346 2485
2346 2525
2346 2563
2346 2673
2346 2913
2346 2963
2347 2601
2348 2724
2348 2956
2349 2477
2349 2911
2349 2947
2350 2487
2350 2524
2350 2596
2350 2832
2351 2524
2351 2828
2351 2941
2352 2398
2352 2432
2352 2432
2352 2623
2352 2640
2352 2701
2352 2894
2353 2899
2354 2571
2354 2878
2355 2935
2355 2976
2356 2458
2356 2599
2356 2717
2356 2794
2357 2663
2358 2495
2358 2671
2359 2530
2359 2631
2359 2939
2360 2426
2360 2622
2360 2914
2360 2955
2361 2442
2361 2721
2362 2625
2362 2777
2362 2904
2364 2595
2364 2732
2364 2807
2365 2414
2365 2475
2365 2510
2365 2859
2366 2566
2366 2625
2366 2819
2367 2447
2367 2645
2367 2982
2368 2663
2369 2452
2369 2489
2369 2676
2369 2905
2370 2691
2371 2443
2372 2436
2372 2460
2372 2595
2372 2597
2373 2575
2374 2651
2374 2658
2375 2412
2375 2435
2375 2495
2375 2521
2375 2611
2376 2492
2377 2645
2377 2665
2377 2692
2377 2723
2377 2810
2377 2932
2378 2406
2378 2438
2378 2451
2378 2489
2378 2607
2378 2735
2378 2802
2379 2716
2379 2719
2380 2468
2380 2547
2380 2916
2380 2923
2381 2392
2381 2430
2381 2467
2381 2597
2381 2995
2382 2576
2382 2667
2383 2828
2383 2896
2384 2884
2385 2433
2385 2467
2385 2945
2386 2464
2386 2788
2386 2808
2386 2978
2387 2740
2388 2419
2388 2796
2389 2406
2389 2451
2389 2783
2390 2555
2390 2628
2391 2440
2391 2980
2392 2496
2392 2555
2392 2721
2392 2993
2393 2726
2393 2826
2394 2565
2394 2701
2394 2720
2394 2721
2394 2767
2395 2557
2395 2646
2395 2671
2396 2689
2397 2474
2397 2587
2397 2621
2397 2824
2397 2881
2398 2492
2398 2600
2398 2759
2399 2603
2399 2683
2399 2998
2400 2448
2400 2715
2400 2772
2401 2466
2401 2785
2401 2821
2402 2414
2402 2421
2403 2411
2403 2490
2403 2904
2404 2503
2404 2684
2405 2452
2405 2722
2405 2832
2406 2452
2406 2889
2407 2730
2408 2436
2408 2505
2408 3000
2409 2474
2409 2476
2409 2574
2409 2610
2410 2605
2410 2891
2411 2759
2412 2452
2412 2525
2412 2566
2413 2643
2413 2957
2414 2443
2414 2614
2415 2719
2415 2814
2415 2841
2415 2977
2416 2585
2416 2687
2417 2420
2417 2492
2417 2779
2418 2524
2418 2572
2418 2673
2418 2977
2419 2653
2419 2978
2420 2434
2420 2620
2421 2457
2421 2590
2421 2676
2422 2432
2422 2592
2422 2658
2423 2697
2423 2700
2423 2907
2424 2464
2424 2492
2424 2553
2424 2751
2424 2797
2424 2898
2424 2929
2425 2827
2425 2905
2426 2504
2427 2552
2427 2629
2427 2780
2427 2855
2427 2860
2428 2619
2428 2637
2428 2650
2428 2662
2429 2518
2429 2613
2429 2662
2429 2771
2429 2778
2429 2914
2429 2953
2429 2988
2430 2963
2430 2996
2431 2438
2431 2877
2432 2503
2432 2627
2432 2698
2433 2489
2433 2659
2433 2688
2433 2688
2433 2733
2433 2780
2434 2572
2434 2933
2434 2969
2434 2970
2435 2502
2435 2700
2435 2705
2435 2784
2435 2786
2435 2872
2436 2546
2436 2753
2436 2851
2436 2915
2437 2581
2438 2884
2439 2496
2439 2646
2439 2683
2439 2731
2439 2803
2439 2846
2439 2893
2440 2619
2440 2686
2440 2774
2440 2987
2441 2725
2441 2762
2441 2916
2442 2504
2442 2833
2443 2595
2444 2512
2444 2805
2444 2855
2445 2455
2445 2909
2446 2549
2446 2740
2446 2756
2446 2797
2446 2889
2447 2877
2448 2810
2448 2900
2449 2636
2450 2839
2451 2458
2451 2592
2451 2593
2451 2616
2451 2675
2451 2853
2451 2897
2451 2988
2452 2666
2452 2865
2453 2471
2453 2692
2453 2766
2454 2460
2454 2598
2454 2754
2455 2468
2455 2816
2456 2700
2457 2611
2457 2667
2457 2830
2457 2906
2458 2563
2458 2745
2458 2793
2458 2997
2459 2518
2459 2679
2459 2715
2459 2880
2460 2549
2460 2934
2461 2539
2461 2648
2461 2658
2461 2900
2461 2955
2462 2860
2463 2638
2464 2633
2464 2817
2464 2895
2465 2494
2465 2853
2465 2863
2465 2867
2465 2916
2465 2958
2465 3000
2466 2512
2466 2781
2466 2805
2466 2983
2467 2812
2467 2821
2467 2841
2468 2610
2468 2952
2469 2533
2469 2605
2470 2528
2470 2567
2471 2939
2472 2482
2472 2564
2472 2728
2472 2885
2472 2895
2472 2914
2472 2918
2472 2945
2473 2498
2473 2518
2473 2711
2474 2531
2475 2666
2475 2858
2475 2877
2475 2882
2476 2769
2476 2926
2477 2493
2477 2676
2477 2702
2477 2724
2478 2575
2478 2977
2479 2562
2479 2564
2479 2672
2479 2866
2480 2902
2480 2945
2481 2589
2481 2700
2482 2684
2483 2678
2483 2742
2483 2890
2483 2919
2484 2986
2485 2550
2485 2621
2486 2580
2486 2668
2486 2804
2486 2816
2486 2896
2487 2606
2487 2958
2487 2993
2488 2617
2488 2658
2488 2745
2489 2637
2489 2858
2490 2626
2490 2637
2490 2694
2490 2847
2491 2532
2491 2636
2491 2661
2491 2738
2491 2817
2491 2901
2492 2521
2492 2711
2492 2730
2492 2732
2492 2777
2492 2923
2493 2632
2493 2807
2493 2841
2494 2548
2494 2732
2494 2845
2494 2885
2494 2894
2494 2940
2495 2567
2495 2949
2496 2767
2496 2783
2496 2922
2496 2986
2497 2682
2497 2747
2497 2817
2497 2822
2497 2926
2497 2958
2497 2971
2497 2998
2498 2656
2498 2665
2500 2749
2500 2967
2501 2513
2501 2559
2501 2882
2501 3000
2502 2791
2502 2942
2503 2541
2503 2843
2503 2846
2503 2893
2504 2617
2504 2870
2504 2894
2505 2791
2505 2838
2506 2518
2506 2696
2506 2855
2507 2585
2507 2686
2507 2815
2507 2918
2508 2668
2508 2705
2508 2776
2508 2886
2509 2734
2510 2752
2510 2809
2510 2839
2510 2890
2510 2892
2511 2529
2512 2540
2512 2578
2513 2627
2513 2774
2513 2837
2513 2981
2514 2536
2515 2630
2515 2800
2515 2802
2515 2907
2515 2967
2516 2535
2516 2649
2516 2667
2516 2728
2516 2854
2516 2964
2517 2580
2518 2523
2518 2664
2519 2705
2519 2999
2520 2641
2520 2697
2520 2698
2520 2799
2520 2883
2521 2537
2521 2694
2522 2838
2522 2935
2522 2988
2523 2751
2523 2786
2523 2845
2523 2881
2523 2988
2524 2678
2524 2698
2524 2850
2524 2881
2525 2588
2525 2643
2525 2830
2525 2913
2526 2911
2527 2560
2527 2706
2527 2721
2527 2781
2528 2590
2528 2708
2528 2782
2528 2855
2529 2680
2529 2760
2529 2774
2529 2926
2530 2837
2530 2866
2530 2969
2532 2574
2532 2613
2532 2696
2532 2920
2532 2997
2533 2533
2533 2584
2533 2625
2533 2773
2533 2893
2533 2917
2534 2699
2535 2603
2535 2638
2535 2685
2535 2733
2535 2768
2536 2545
2536 2572
2536 2707
2537 2646
2537 2759
2537 2903
2538 2540
2538 2544
2538 2551
2538 2618
2538 2637
2538 2862
2539 2572
2539 2590
2539 2642
2539 2702
2540 2936
2540 2994
2541 2733
2542 2604
2542 2742
2543 2576
2543 2710
2543 2849
2543 2901
2543 2940
2544 2561
2544 2587
2544 2682
2545 2684
2545 2699
2545 2916
2546 2680
2546 2840
2546 2926
2547 2556
2548 2574
2548 2982
2549 2583
2549 2758
2549 2823
2549 2985
2550 2560
2550 2687
2551 2647
2551 2728
2551 2928
2552 2847
2552 2934
2553 2572
2553 2726
2554 2562
2554 2708
2554 2841
2554 2926
2555 2720
2555 2848
2556 2608
2556 2725
2556 2793
2556 2800
2556 2838
2556 2947
2556 2951
2556 2958
2557 2607
2557 2747
2558 2564
2558 2578
2558 2777
2558 2929
2559 2597
2559 2872
2559 2946
2560 2610
2560 2973
2561 2582
2561 2658
2561 2828
2562 2606
2562 2908
2563 2589
2563 2649
2563 2954
2564 2566
2564 2568
2564 2570
2564 2574
2565 2706
2565 2714
2565 2992
2566 2637
2566 2646
2567 2578
2567 2622
2567 2730
2567 2865
2567 2965
2567 2978
2567 2997
2568 2597
2568 2629
2569 2644
2569 2728
2569 2840
2570 2665
2572 2690
2572 2787
2572 2838
2573 2595
2573 2745
2573 2774
2573 2838
2573 2988
2574 2602
2574 2655
2574 2657
2574 2945
2575 2581
2575 2756
2575 2828
2575 2897
2576 2964
2577 2677
2577 2680
2577 2795
2577 2814
2577 2932
2578 2651
2578 2781
2578 2806
2578 2827
2578 2879
2579 2632
2579 2685
2579 2837
2579 2847
2580 2672
2581 2891
2583 2629
2583 2660
2583 2893
2584 2616
2584 2801
2584 2846
2585 2830
2586 2698
2586 2828
2588 2701
2589 2678
2590 2692
2590 2720
2590 2773
2590 2901
2591 2631
2591 2650
2591 2808
2591 2938
2591 2954
2592 2658
2592 2659
2592 2692
2592 2758
2592 2900
2592 2935
2593 2842
2593 2895
2594 2684
2594 2716
2594 2936
2594 2971
2595 2598
2596 2657
2596 2830
2596 2853
2596 2858
2597 2676
2597 2761
2597 2844
2597 2953
2598 2621
2598 2698
2598 2723
2598 2853
2599 2669
2599 2949
2600 2671
2600 2798
2600 2817
2600 2904
2600 2972
2600 3000
2601 2949
2602 2611
2602 2738
2602 2815
2602 2947
2602 2963
2602 2979
2603 2693
2603 2730
2603 2908
2603 2981
2604 2692
2604 2942
2605 2679
2605 2694
2606 2705
2607 2760
2607 2817
2607 2822
2608 2957
2609 2721
2609 2947
2610 2671
2610 2834
2611 2636
2611 2848
2611 2979
2612 2845
2613 2647
2613 2745
2613 2756
2613 2872
2613 2951
2614 2776
2615 2636
2615 2799
2615 2927
2615 2944
2615 2962
2616 2793
2616 2879
2617 2631
2617 2691
2617 2730
2618 2642
2618 2740
2618 2745
2618 2771
2618 2859
2618 2883
2620 2662
2620 2781
2620 2832
2620 2949
2621 2672
2621 2820
2621 2871
2622 2829
2622 2870
2624 2704
2625 2677
2625 2723
2625 2783
2625 2955
2626 2706
2626 2833
2626 2938
2626 2997
2627 2799
2627 2888
2627 2905
2628 2659
2628 2718
2628 2960
2628 2997
2629 2835
2629 2878
2630 2725
2630 2889
2630 2985
2631 2668
2631 2821
2631 2883
2632 2809
2632 2852
2632 2881
2633 2767
2633 2981
2634 2871
2634 2893
2634 2906
2635 2665
2635 2803
2635 2888
2636 2997
2637 2871
2638 2664
2638 2955
2639 2725
2639 2784
2639 2799
2639 2846
2639 2881
2639 2984
2640 2721
2640 2833
2640 2843
2641 2734
2641 2820
2642 2845
2642 2906
2642 2989
2643 2691
2643 2806
2643 2825
2643 2918
2644 2691
2644 2717
2645 2671
2645 2706
2645 2731
2645 2957
2645 2961
2646 2839
2647 2793
2647 2952
2647 2980
2648 2676
2648 2876
2649 2728
2649 2825
2649 2966
2650 2723
2650 2856
2650 2880
2650 2929
2651 2674
2653 2669
2653 2769
2653 2770
2653 2895
2653 2970
2654 2738
2654 2846
2654 2863
2655 2685
2655 2712
2655 2868
2655 2993
2656 2705
2656 2707
2656 2747
2656 2828
2656 2843
2657 2738
2657 2739
2657 2750
2657 2894
2657 2985
2658 2930
2658 2984
2659 2711
2659 2815
2660 2796
2660 2858
2661 2718
2661 2736
2661 2822
2661 2895
2662 2689
2662 2940
2662 2945
2663 2741
2663 2873
2664 2694
2664 2741
2664 2860
2665 2682
2665 2764
2666 2719
2666 2767
2666 2968
2666 2988
2667 2696
2667 2875
2668 2746
2668 2854
2668 2859
2668 2913
2668 2961
2668 2990
2669 2698
2669 2720
2669 2768
2669 2819
2669 2839
2669 2904
2670 2708
2671 2709
2671 2723
2671 2911
2671 2995
2672 2803
2672 2989
2672 2995
2673 2685
2673 2929
2673 2936
2673 2969
2674 2724
2674 2743
2674 2773
2674 2886
2674 2982
2675 2998
2676 2800
2677 2682
2677 2721
2677 2742
2677 2838
2678 2885
2679 2939
2679 2955
2679 2969
2680 2928
2681 2924
2682 2692
2682 2698
2682 2701
2682 2785
2682 2812
2683 2750
2683 2781
2683 2854
2683 2867
2683 2911
2683 2915
2684 2755
2684 2930
2686 2791
2686 2793
2686 2794
2686 2916
2687 2733
2687 2891
2687 2929
2688 2806
2688 2887
2688 2899
2689 2691
2690 2804
2691 2701
2691 2742
2691 2765
2692 2757
2692 2781
2692 2957
2693 2788
2693 2889
2694 2776
2694 2923
2694 2962
2694 2976
2695 2795
2696 2851
2696 2873
2697 2990
2697 2990
2698 2702
2698 2718
2698 2753
2698 2769
2698 2781
2698 2929
2698 2986
2699 2884
2699 2984
2700 2729
2700 2764
2700 2802
2701 2719
2701 2850
2703 2789
2704 2745
2705 2871
2705 2929
2705 2962
2706 2786
2706 2967
2707 2827
2708 2826
2708 2837
2708 2997
2709 2824
2709 2826
2709 2879
2709 2938
2709 2949
2710 2797
2710 2897
2710 2967
2712 2927
2712 2928
2712 2995
2713 2825
2713 2941
2713 2953
2713 2992
2714 2775
2714 2795
2714 2796
2714 2857
2714 2870
2714 2967
2715 2848
2716 2751
2718 2760
2718 2812
2719 2783
2719 2823
2719 2854
2719 2909
2720 2755
2720 2956
2721 2733
2721 2807
2721 2864
2721 2908
2721 2974
2723 2736
2723 2752
2723 2754
2723 2980
2724 2747
2724 2768
2724 2795
2724 2882
2724 2889
2725 2790
2725 2937
2725 2954
2725 2987
2726 2810
2727 2732
2727 2780
2727 2812
2727 2873
2727 2957
2728 2738
2728 2766
2728 2889
2728 2942
2729 2930
2729 2979
2730 2772
2730 2956
2731 2754
2731 2827
2731 2946
2732 2794
2732 2864
2733 2759
2733 2776
2733 2849
2733 2965
2733 2973
2733 2982
2734 2953
2735 2789
2735 2791
2735 2814
2735 2956
2736 2772
2736 2823
2736 2888
2736 2924
2736 2939
2737 2771
2737 2898
2738 2762
2738 2928
2738 2969
2739 2784
2740 2744
2740 2786
2740 2875
2741 2806
2741 2883
2741 2956
2742 2847
2742 2894
2742 2955
2742 2975
2743 2840
2743 2847
2743 2943
2743 2996
2744 2756
2744 2777
2744 2798
2744 2815
2744 2844
2745 2747
2745 2762
2745 2767
2745 2789
2745 2794
2745 2838
2745 2872
2745 2915
2746 2837
2746 2933
2746 2956
2747 2901
2747 2915
2747 2985
2748 2774
2748 2981
2749 2786
2749 2840
2749 2862
2749 2958
2749 2999
2750 2772
2750 2853
2750 2858
2750 2959
2750 2980
2750 2999
2751 2770
2751 2786
2751 2818
2751 2973
2751 2991
2752 2807
2752 2922
2752 2957
2752 2969
2753 2860
2753 2907
2754 2791
2754 2834
2754 2853
2754 2853
2754 2912
2754 2933
2755 2810
2755 2875
2755 2899
2756 2931
2757 2761
2757 2768
2757 2814
2757 2847
2757 2942
2757 2997
2758 2806
2758 2809
2758 2833
2758 2981
2759 2765
2759 2925
2759 2956
2760 2942
2760 2973
2760 2995
2761 2796
2761 2830
2761 2903
2761 2922
2761 2959
2762 2768
2762 2867
2762 2902
2762 2906
2763 2925
2764 2783
2764 2909
2765 2796
2766 2822
2766 2865
2766 2895
2766 2956
2766 2979
2767 2807
2767 2839
2767 2862
2767 2924
2767 2933
2767 2983
2768 2784
2768 2867
2769 2965
2770 2784
2770 2820
2770 2847
2770 2958
2771 2886
2771 2888
2771 2977
2771 2979
2772 2781
2772 2796
2773 2900
2773 2931
2774 2897
2775 2883
2775 2952
2775 2955
2776 2790
2777 2982
2777 2995
2778 2862
2778 2920
2779 2781
2779 2793
2779 2855
2779 2887
2780 2916
2780 2918
2780 2923
2780 2942
2780 2965
2780 2982
2781 2902
2782 2900
2782 2948
2783 2802
2783 2841
2783 2854
2783 2870
2784 2803
2785 2797
2785 2939
2785 2959
2785 2991
2786 2918
2786 2972
2787 2806
2787 2825
2787 2886
2787 2896
2787 2967
2787 2997
2788 2802
2788 2957
2789 2804
2789 2920
2790 2847
2790 2997
2791 2863
2792 2812
2792 2865
2792 2947
2792 2985
2793 2798
2793 2870
2794 2849
2794 2896
2794 2986
2794 2990
2795 2899
2795 2934
2795 2986
2796 2820
2796 2880
2796 2944
2796 2949
2797 2905
2797 2906
2797 2999
2798 2907
2799 2952
2800 2956
2801 2859
2801 2919
2801 2932
2801 2957
2801 2974
2801 2980
2802 2823
2802 2842
2802 2855
2802 2855
2802 2965
2802 2974
2802 2986
2803 2956
2805 2818
2805 2894
2806 2834
2806 2836
2806 2946
2807 2850
2807 2953
2807 2983
2808 2808
2808 2927
2809 2832
2809 2950
2809 2958
2809 2996
2810 2823
2810 2825
2810 2853
2810 2985
2810 2995
2811 2832
2811 2881
2811 2888
2811 2936
2812 2830
2812 2888
2812 2888
2813 2831
2813 2839
2813 2873
2813 2977
2814 2881
2814 2910
2814 2981
2815 2991
2816 2871
2816 2899
2816 2910
2817 2820
2818 2856
2818 2920
2818 2932
2819 2902
2819 2933
2820 2947
2821 2839
2821 2876
2821 2988
2822 2823
2822 2832
2822 2878
2822 2882
2822 2964
2823 2840
2823 2967
2824 2875
2824 2958
2825 2909
2825 2926
2826 2829
2826 2882
2826 2968
2826 2971
2827 2829
2827 2884
2827 2960
2828 2987
2829 2930
2830 2861
2830 2940
2830 2982
2831 2838
2831 2844
2831 2869
2831 2884
2831 2949
2831 2959
2832 2904
2832 2931
2832 2972
2833 2916
2833 2961
2833 2995
2834 2852
2834 2861
2834 2863
2834 2967
2834 2982
2834 2994
2835 2943
2836 2849
2836 2903
2836 2975
2837 2837
2837 2922
2837 2969
2837 2971
2837 2974
2838 2944
2839 2905
2839 2906
2840 2880
2840 2894
2840 2908
2840 2924
2841 2852
2841 2866
2841 2950
2841 2962
2841 2989
2842 2843
2842 2891
2842 2894
2842 2971
2843 2845
2843 2900
2843 2917
2843 2919
2844 2965
2844 2969
2845 2899
2845 2911
2845 2997
2846 2909
2846 2934
2846 2990
2847 2852
2847 2883
2847 2995
2848 2856
2848 2894
2848 2905
2849 2859
2849 2887
2851 2860
2851 2943
2851 2960
2852 2915
2852 2965
2852 2973
2852 2997
2852 2999
2853 2853
2853 2942
2853 2994
2854 2882
2854 2886
2854 2914
2855 2884
2855 2942
2855 2948
2855 2951
2855 2967
2856 2856
2856 2981
2856 2989
2856 2997
2857 2921
2857 2969
2858 2889
2859 2879
2859 2920
2860 2876
2860 2905
2860 2969
2861 2897
2861 2999
2862 2894
2862 2931
2862 2941
2862 2966
2863 2882
2863 2953
2863 2991
2863 2996
2864 2872
2864 2886
2864 2900
2864 2905
2864 2914
2864 2991
2865 2866
2865 2903
2865 2921
2865 2941
2865 2964
2865 2982
2866 2976
2867 2883
2867 2920
2867 2994
2867 3000
2868 2881
2868 2923
2868 2924
2868 2937
2868 2947
2869 2870
2869 2870
2869 2961
2869 2972
2869 2979
2870 2872
2871 2891
2871 2973
2871 2977
2872 2889
2872 2896
2872 2903
2872 2918
2873 2877
2873 2939
2874 2886
2874 2901
2874 2990
2875 2906
2875 2997
2876 2922
2876 2924
2876 2947
2876 2957
2876 2978
2876 2980
2877 2897
2879 2969
2879 2982
2879 2998
2881 2892
2881 2945
2881 2959
2881 2990
2882 2896
2882 2900
2883 2886
2883 2901
2883 2970
2883 2991
2884 2911
2884 2917
2884 2926
2884 2943
2884 2987
2884 2988
2885 2900
2885 2901
2885 2963
2886 2889
2886 2890
2886 2920
2886 2988
2886 3000
2887 2894
2887 2920
2887 2977
2888 2898
2888 2928
2889 2935
2889 2939
2889 2968
2889 2978
2890 2915
2890 2956
2891 2933
2891 2966
2891 3000
2892 2955
2893 2933
2893 2936
2893 2977
2893 2990
2894 2943
2894 2959
2895 2899
2895 2901
2895 2920
2895 2930
2896 2902
2896 2927
2896 2975
2896 2986
2896 2987
2897 2969
2898 2946
2899 2910
2899 2995
2900 2945
2900 2962
2900 2963
2901 2937
2901 2969
2901 2998
2902 2925
2902 2973
2903 2921
2903 2931
2904 2922
2904 2927
2904 2936
2904 2946
2904 2970
2905 2938
2906 2919
2906 2988
2907 2923
2909 2950
2909 2976
2909 2992
2911 2925
2911 2948
2912 2926
2912 2970
2913 2964
2913 2968
2914 2938
2914 2942
2914 2979
2916 2938
2916 2951
2916 2969
2917 2922
2917 2984
2918 2972
2918 2985
2918 2989
2919 2935
2919 2963
2920 2922
2920 2955
2920 2966
2920 2994
2921 2946
2921 2969
2923 2932
2924 2956
2924 2971
2924 2988
2924 2995
2925 2952
2925 2956
2925 2966
2925 2966
2925 2973
2925 2978
2926 2944
2926 2971
2926 2978
2926 2981
2926 2985
2926 2996
2927 2927
2927 2927
2927 2934
2927 2950
2927 2975
2928 2960
2929 2966
2929 2988
2930 2946
2930 2968
2931 2955
2931 2972
2932 2945
2932 2989
2933 2939
2934 2935
2934 2939
2934 2957
2934 2972
2935 2944
2935 2949
2935 2983
2935 2999
2936 2939
2936 2956
2936 2959
2936 2960
2936 2993
2937 2955
2937 2966
2937 2968
2937 2997
2938 2938
2938 2940
2938 2957
2938 2988
2939 2992
2941 2941
2941 2958
2941 2958
2941 2981
2942 2950
2942 2970
2942 2984
2943 2973
2943 2985
2944 2977
2945 2948
2945 2953
2945 2984
2946 2960
2946 2961
2946 2973
2946 2996
2947 2952
2948 2988
2948 2997
2949 2985
2949 2998
2950 2964
2950 2969
2950 2997
2951 2954
2951 2958
2951 2987
2952 2963
2952 2973
2952 2984
2952 2987
2953 2969
2953 2973
2953 2977
2953 2991
2953 2992
2954 2981
2954 2991
2955 2958
2955 2963
2955 2964
2955 2994
2955 3000
2956 2969
2956 2969
2956 2978
2956 2997
2957 2968
2957 2971
2957 2977
2957 2987
2957 2992
2958 2971
2958 2975
2958 2998
2958 3000
2959 2960
2959 2964
2959 2971
2959 2984
2959 2988
2960 2990
2960 2997
2961 2976
2961 2994
2961 2999
2962 2976
2962 2980
2962 2997
2963 2989
2965 2965
2965 2979
2965 2986
2965 2997
2966 2967
2966 2967
2966 2971
2966 2993
2966 2996
2967 2979
2967 2989
2968 2969
2968 2981
2968 2984
2968 2993
2968 2993
2969 2984
2969 2988
2969 2997
2970 2972
2970 2973
2970 2978
2970 2991
2971 2974
2971 2980
2971 2994
2972 2980
2972 2983
2972 2983
2972 2987
2972 2994
2973 2973
2973 2974
2973 2986
2973 2989
2973 2990
2973 2992
2973 2994
2974 2978
2974 2980
2974 2981
2974 2993
2974 3000
2975 2977
2975 2983
2975 2984
2975 2993
2975 2995
2975 2998
2975 3000
2976 2980
2976 2983
2976 2995
2977 2983
2977 2993
2977 2994
2978 2987
2979 2981
2979 2985
2979 3000
2980 2983
2980 2986
2980 2988
2982 2986
2982 2990
2982 2993
2983 2985
2983 2988
2983 3000
2984 2990
2984 2994
2985 2986
2985 2988
2985 2990
2985 2992
2985 3000
2986 2992
2986 2997
2987 2992
2987 2996
2987 2999
2988 2988
2988 2990
2988 2992
2989 2992
2990 2990
2990 2996
2992 2997
2993 2994
2993 2996
2994 2994
2994 3000
2994 3000
2994 3000
2995 2995
2995 2998
2995 3000
2997 2998
2997 3000
2998 2998
2998 2999
2998 2999
2999 2999
2999 2999
2999 2999
2999 3000
2999 3000
3000 3000
