6000 5000 
2865 5245 
1612 2578 
5119 5636 
5447 5846 
869 5843 
4 738 
4456 5646 
4986 5681 
2281 2699 
544 2983 
4225 5839 
4963 5332 
5427 5613 
3773 4224 
1937 5621 
3075 3818 
4787 5996 
3830 5563 
1311 2799 
452 4897 
4986 5571 
1592 5075 
4574 5746 
5182 5952 
4348 4392 
4820 5561 
4958 5087 
5661 5859 
370 973 
4755 5776 
413 5124 
2763 3926 
3066 5040 
2840 3723 
1723 3820 
3497 5303 
982 5450 
1015 1638 
1447 5343 
4286 4881 
2501 5095 
5696 5983 
5198 5888 
5012 5016 
5822 5973 
388 3897 
342 1208 
1298 2538 
5132 5401 
4526 4591 
3015 5991 
2368 5240 
3078 5842 
4236 5294 
2599 3025 
772 3300 
4711 5685 
65 3770 
5200 5920 
2948 4096 
3453 3823 
871 3497 
519 4127 
5516 5728 
5420 5611 
4360 5531 
3880 4429 
4505 5870 
4896 5176 
260 340 
1377 5963 
1184 5187 
520 986 
1406 1761 
1794 3700 
5735 5752 
458 4353 
2477 4157 
4363 4846 
5280 5407 
3353 4977 
3464 4753 
2714 3622 
2611 4031 
3784 4972 
2841 4868 
2844 3655 
3036 3551 
2678 3427 
715 5364 
1540 2503 
5585 5632 
4805 5788 
4853 5735 
4370 5767 
5122 5831 
2095 4895 
3790 4785 
2692 4615 
4969 5284 
847 1333 
5045 5260 
1090 1698 
4079 4635 
2657 3336 
973 3991 
3173 4949 
3284 4955 
2525 3138 
4427 4858 
2823 4077 
3192 3437 
3901 5571 
5340 5992 
135 4343 
163 5185 
5305 5469 
2252 5729 
3264 3828 
2471 3856 
1577 5388 
860 5730 
894 3919 
2775 5024 
338 1000 
3688 5328 
3056 5451 
3524 5693 
5093 5159 
2223 3970 
2757 5514 
1908 3912 
4001 5054 
1982 5418 
4188 4557 
4126 5987 
3849 5873 
3390 4125 
757 1926 
3984 4767 
3227 5613 
4361 4609 
3529 5369 
4673 5852 
3580 4956 
3635 4712 
629 4471 
5115 5383 
1614 5907 
1354 4891 
5426 5712 
4391 4696 
4809 4999 
5646 5825 
4824 5571 
612 4467 
5301 5697 
1616 2442 
5291 5913 
3019 5764 
1532 2130 
5893 5946 
5332 5918 
3401 4681 
2386 5653 
408 1630 
2408 4999 
2362 2925 
4000 5726 
4144 5580 
365 1770 
4740 4805 
3790 4371 
3715 3779 
3745 4660 
1137 2085 
3746 4870 
872 1432 
634 4745 
5251 5367 
2627 5485 
2534 4148 
3300 5382 
4189 5008 
315 538 
4497 5663 
2710 4271 
1860 2955 
2000 2508 
3598 4273 
5355 5399 
1900 2077 
4473 4899 
1517 4459 
3862 5464 
209 1323 
4883 5534 
2660 3608 
5015 5756 
985 4436 
3039 4410 
4427 4619 
5086 5815 
3081 5725 
1141 3551 
4011 5724 
2533 5241 
5231 5588 
1637 2813 
2947 3589 
1901 5546 
4078 4119 
1744 3015 
2107 5484 
3313 4251 
4617 5971 
5546 5818 
2151 4189 
2056 3180 
1131 3183 
977 4838 
3676 5552 
4098 4572 
1776 3892 
5262 5749 
5393 5998 
5268 5814 
3226 4400 
609 4003 
5336 5887 
4239 5356 
1222 5555 
2641 4598 
2182 4320 
2637 3642 
5977 5984 
4914 5170 
5587 5784 
2831 3525 
4548 5148 
4614 5689 
727 1914 
4978 5227 
5089 5550 
1373 5490 
5484 5720 
4386 5153 
2088 5455 
1675 4402 
1144 5958 
5193 5439 
3048 3601 
2977 5117 
2287 4690 
5490 5555 
4563 4818 
165 2758 
3493 5162 
2361 3769 
555 1718 
2537 2677 
969 4897 
672 4446 
4526 5743 
4282 5462 
4812 5963 
1459 1877 
871 5878 
5650 5993 
4596 5357 
4122 4878 
2130 5734 
183 3385 
1760 2758 
4740 4893 
5164 5438 
1502 3221 
249 1115 
3916 4007 
1455 5363 
4298 4732 
4940 5461 
1029 2367 
2506 4586 
1220 4476 
246 4381 
3753 5696 
466 5835 
4912 5966 
4819 5064 
1227 1839 
2237 4934 
4047 5882 
1574 5888 
2593 3898 
824 3899 
4257 4405 
3213 5582 
5167 5460 
60 2677 
232 478 
2006 5818 
283 5531 
2309 4382 
1780 3489 
4254 4288 
2639 3580 
4685 4821 
4572 5964 
5900 5922 
813 1303 
2911 5460 
4905 5841 
1184 4249 
726 1022 
5271 5503 
5387 5987 
3571 4546 
5285 5438 
3834 3999 
5268 5975 
3332 4681 
2242 5458 
1485 5891 
2187 2224 
205 4741 
1212 3242 
1852 2883 
397 4091 
5792 5827 
4264 5291 
5538 5821 
2656 3368 
4033 5840 
4380 5390 
1233 3562 
2726 5140 
5278 5359 
1636 2046 
5635 5813 
4487 5631 
2014 5479 
4643 4975 
1664 1968 
3671 3760 
3920 5943 
2819 5785 
4464 5815 
1250 5482 
4847 5645 
3065 5170 
433 1956 
3454 4305 
5123 5957 
4977 5740 
3503 4688 
3654 5286 
1103 3744 
2327 5578 
5426 5665 
2530 5761 
4337 5250 
1417 2162 
4942 5193 
505 3713 
3117 5884 
458 1420 
647 4940 
5975 5977 
475 549 
4930 5260 
5822 5902 
2328 5303 
5462 5985 
1020 5291 
5856 5911 
447 1330 
4684 5999 
3020 4272 
4740 5168 
2094 3603 
257 1512 
2554 5717 
2060 4834 
4916 5560 
3556 4520 
3572 4840 
5754 5974 
5353 5874 
2458 3731 
5521 5635 
2985 3196 
3532 4423 
71 2190 
4179 5145 
4990 5641 
4549 5013 
5029 5850 
2836 3597 
5645 5817 
4071 4946 
5625 5806 
666 4406 
3431 5225 
1198 5245 
1979 3250 
5108 5132 
1037 4381 
2793 4998 
5899 5981 
5868 5920 
1549 5289 
1656 4621 
208 4561 
373 2566 
505 3143 
528 5102 
1884 3630 
3656 4332 
3375 4801 
1345 4557 
1330 2041 
988 2951 
3468 3676 
2462 4586 
2858 4313 
942 2281 
4064 4366 
1678 5499 
19 1784 
4789 4840 
5713 5953 
2667 3144 
2521 2636 
4181 5326 
4296 4461 
669 3926 
4006 5181 
2698 2880 
4129 4683 
3406 4540 
3595 5946 
2630 4094 
1979 4573 
1698 5373 
4161 5822 
4664 4930 
3826 4632 
3167 4518 
3293 5913 
429 2769 
272 5846 
5375 5929 
5706 5827 
1023 3388 
894 4717 
4732 5692 
898 1840 
4851 5461 
2829 4801 
4413 4835 
4741 5485 
3165 3911 
2756 5054 
5734 5763 
3306 3814 
1267 5615 
1759 5046 
4347 5915 
4600 5666 
4759 5805 
5547 5588 
5840 5941 
1923 2764 
793 5820 
4530 5805 
2840 5145 
422 1748 
2199 4832 
5131 5581 
1297 1780 
5449 5829 
2872 5499 
3901 3939 
3576 3764 
1817 3874 
5198 5873 
793 4304 
2516 4926 
620 1689 
4431 5984 
339 2749 
1460 3046 
657 4503 
4012 5719 
1152 4720 
1967 2568 
2240 2899 
157 1274 
4070 4762 
5173 5930 
3154 4359 
5795 5975 
2692 4554 
1875 2230 
851 2900 
1149 3375 
2990 5906 
1121 1537 
2418 3718 
832 1266 
3422 4167 
2019 5302 
1106 2177 
1503 3094 
2465 2852 
2091 2574 
318 4026 
954 1145 
1251 2769 
1800 2465 
3932 4869 
866 4995 
2624 4888 
2592 3749 
1158 5628 
3593 3863 
1313 5267 
1765 1995 
4732 5850 
1365 4378 
3093 4880 
4453 5340 
2969 5653 
4644 5377 
2877 5068 
2757 4710 
1250 1536 
5902 5911 
3979 4259 
712 3774 
2945 5497 
4242 5941 
447 5656 
135 2896 
3489 5028 
5930 5972 
4068 5838 
3040 3484 
4062 5662 
73 3838 
2400 5806 
5123 5835 
1410 4372 
4367 5414 
2843 5478 
3863 5923 
5969 5977 
4509 5676 
6 4783 
2615 4491 
437 3707 
3679 4075 
3625 3878 
5598 5876 
2913 4235 
2112 4614 
4979 5538 
5954 5978 
2294 4513 
2507 3719 
2246 3675 
3989 5365 
2383 3781 
927 2166 
25 3063 
2880 5593 
4096 5998 
4145 4232 
2677 3929 
5064 5792 
2663 4599 
2489 3788 
2039 2928 
4402 4720 
990 4739 
3981 5760 
3476 5854 
3669 5748 
741 1820 
3202 4281 
696 2157 
3883 4208 
1675 3923 
5419 5829 
4480 4816 
128 558 
312 5526 
3924 4956 
3204 3306 
1823 3761 
4011 5844 
5069 5691 
107 3850 
3400 4769 
3586 4845 
3648 4773 
3591 4152 
4641 5342 
5009 5292 
2502 3269 
3210 5013 
408 2383 
4559 4980 
5453 5607 
5846 5854 
4656 5720 
5359 5476 
1889 3481 
2877 5549 
2038 4901 
5408 5538 
3776 4089 
4549 5539 
848 3881 
5997 5998 
3687 5713 
4094 4726 
4980 4994 
4026 5593 
5699 5778 
2629 3465 
2788 3738 
3480 3780 
4221 5917 
3641 4408 
5812 5970 
659 5529 
2130 2631 
2074 3936 
3090 3475 
2496 4889 
5312 5625 
308 4733 
1004 2661 
1612 4645 
4555 4625 
1423 5232 
5364 5400 
3409 4309 
1571 3275 
5194 5635 
2671 5914 
369 4986 
2443 4232 
563 2718 
1083 3928 
272 5082 
1373 3429 
4311 5661 
5518 5518 
5308 5444 
1464 3826 
4831 5633 
518 5083 
695 3358 
2609 5736 
4439 5320 
3211 3781 
5515 5587 
815 923 
4774 5960 
2330 3747 
5406 5597 
801 4812 
2614 2850 
3200 3581 
2447 5177 
285 3324 
437 5702 
5725 5891 
2956 4401 
260 4807 
4442 5846 
3558 4217 
5396 5994 
5637 5796 
2936 4596 
58 5579 
2404 3386 
3680 5976 
1143 1414 
5468 5548 
2876 3058 
3030 4499 
4318 5957 
1000 3667 
2004 2237 
2615 2727 
446 1934 
3970 4670 
3541 4170 
4866 5578 
3221 3508 
4973 5775 
118 5778 
4990 5407 
574 2315 
5535 5962 
1174 2934 
1074 4757 
4995 5395 
5972 5989 
2936 5118 
4274 4764 
1596 4913 
3451 5500 
385 3567 
5141 5597 
4943 5607 
5200 5460 
1256 5676 
39 640 
2527 2565 
4974 5822 
2770 3277 
2362 5973 
5859 5934 
5464 5606 
392 4161 
5982 5987 
4004 4208 
2392 4390 
2894 3947 
5665 5845 
2993 3741 
4469 5105 
4104 5887 
1627 3845 
3005 5912 
4566 4867 
1592 5395 
5962 5969 
2103 4074 
1868 5621 
5737 5925 
5351 5454 
1902 3005 
2345 5883 
3797 4963 
4459 5674 
127 1315 
5785 5978 
3496 5275 
614 2344 
783 5051 
5966 5999 
5843 5882 
4632 5996 
251 2715 
5516 5635 
573 1976 
4901 5336 
2698 2977 
5597 5612 
1391 5636 
1854 3707 
3686 5645 
2398 2729 
1761 2760 
2904 5322 
1730 5612 
2097 4358 
4748 5275 
3378 3633 
5880 5929 
3591 5197 
224 2942 
5934 5974 
2419 2693 
4940 5569 
4081 4716 
515 4963 
3946 4491 
3656 4317 
297 2540 
3534 5588 
1976 4081 
5447 5640 
1488 3997 
1146 2699 
5057 5366 
1834 4315 
5762 5938 
4787 5625 
1798 5949 
4077 5217 
1898 3600 
3190 4472 
1717 5239 
5469 5934 
3926 4227 
5280 5492 
2299 5909 
3449 5207 
3340 5071 
2654 3247 
4619 5679 
5470 5807 
1773 4928 
2508 5702 
5163 5721 
3473 4417 
1152 4543 
3873 5420 
5164 5465 
875 1685 
3834 4191 
3708 5906 
2683 4531 
878 3707 
3416 5841 
2252 4871 
1209 3919 
1703 5281 
1180 4304 
1971 5372 
4115 5443 
3616 3806 
898 3561 
738 1745 
5177 5293 
2894 5991 
2868 3792 
2023 3595 
2907 5347 
2800 4087 
95 3189 
511 2748 
2103 5826 
1177 1443 
4410 5541 
2050 4020 
2628 4396 
153 5115 
3237 4859 
2855 4279 
5727 5951 
3163 3795 
3833 5403 
888 5167 
5904 5983 
2788 5292 
1213 2386 
5860 5947 
4714 4899 
1262 5174 
370 4245 
2452 3998 
3761 4627 
2585 3717 
3899 4987 
2391 4967 
3638 4141 
2354 4044 
3242 3791 
1679 4221 
2082 3787 
815 5707 
4490 4983 
4365 5136 
3062 4948 
1155 2152 
1482 2232 
3878 4438 
5778 5934 
3817 5411 
1712 1893 
2547 3443 
5511 5844 
1628 1842 
3234 5694 
3456 5154 
419 3296 
3459 4935 
5486 5708 
4418 5318 
2225 4096 
4594 5764 
5077 5425 
4435 4473 
3610 4195 
1625 2529 
863 4422 
1289 3486 
1796 2463 
4314 5360 
3918 5951 
1341 3157 
4052 4749 
4475 5613 
5858 5949 
2726 3575 
4512 4628 
3365 5682 
5886 5892 
2039 4022 
5798 5979 
4914 5934 
4864 5920 
4527 5184 
1284 4123 
5434 5834 
2905 5435 
1796 2541 
2264 4565 
2925 3745 
5896 5976 
5666 5722 
1049 5729 
1134 3389 
3152 4078 
4298 5238 
2900 4230 
5374 5420 
2374 5858 
4274 5419 
767 2279 
4814 4897 
4472 4946 
3657 4090 
1113 2993 
500 687 
1186 3833 
1118 3936 
32 4730 
4230 4968 
2117 5023 
3162 3722 
3641 5919 
2964 3366 
1048 3378 
3168 5843 
1842 3561 
3561 4867 
5508 5965 
4011 4747 
2775 4280 
2340 4803 
3826 3902 
3528 3763 
3752 4743 
617 5063 
2263 5702 
5964 5998 
1305 2464 
3980 5849 
4782 5753 
1180 1830 
4660 5434 
4358 4569 
1382 2883 
194 4117 
3369 5641 
1961 4960 
3208 3332 
2477 3625 
1049 5014 
2215 3013 
4997 5690 
1821 4776 
5760 5818 
2285 5001 
4560 4978 
729 2789 
5214 5395 
5336 5544 
5387 5949 
2373 4620 
3862 5231 
5005 5198 
42 2515 
273 3078 
215 1350 
5545 5797 
4334 5660 
360 2253 
4996 5979 
5244 5605 
2871 3734 
2196 2740 
5871 5987 
5435 5965 
4603 5073 
4835 5887 
25 4590 
1067 2896 
1725 2618 
5653 5862 
4423 5948 
3828 5163 
1699 3616 
2749 4588 
3312 5950 
2278 2429 
4020 4958 
1976 4273 
3838 5145 
267 4797 
2936 5682 
5299 5946 
1642 3422 
381 2356 
5735 5840 
4131 5901 
5415 5922 
3317 5007 
176 5670 
1592 4765 
5122 5320 
1601 4712 
5743 5961 
3621 5216 
5376 5878 
2866 5638 
1391 4793 
661 1341 
3879 4406 
3203 5191 
4805 5119 
5218 5301 
2812 4014 
1677 2772 
2162 3163 
1069 2053 
3348 5440 
5161 5775 
901 2646 
2715 5871 
4957 5632 
4350 5604 
126 1815 
3628 4358 
3985 5650 
5233 5262 
2650 3423 
1050 4154 
2949 3294 
819 4820 
5247 5741 
844 5468 
1047 1415 
3744 4098 
5913 5939 
3243 3289 
278 4040 
3732 4098 
3620 4536 
1330 5831 
5707 5891 
185 857 
1403 3578 
3829 4573 
4158 5370 
1555 1782 
4390 4440 
2533 4537 
3823 4331 
751 1300 
4635 5783 
5602 5988 
769 5964 
3608 5571 
2414 4711 
328 2353 
3662 5531 
4507 5592 
3730 4675 
1370 3998 
684 4803 
5917 5972 
4888 5364 
4800 5559 
5821 5913 
5412 5614 
459 3345 
1686 5410 
2619 5243 
3998 4714 
2886 5920 
4451 5307 
4125 5067 
1934 3842 
3772 4020 
1517 5259 
4248 5108 
3724 5128 
21 1040 
3382 4243 
2876 3129 
5734 5800 
217 2760 
5787 5909 
3446 3895 
4586 5082 
5895 5976 
1256 1563 
4779 5308 
3919 4378 
2175 2354 
5680 5835 
4101 4669 
3119 3302 
238 1943 
5620 5773 
5906 5984 
5071 5841 
3516 4029 
252 2668 
5849 5883 
5338 5477 
1612 1982 
5262 5745 
2868 4515 
5260 5289 
4238 5371 
4029 5843 
5743 5995 
3290 3948 
3302 4786 
4175 4297 
2201 2361 
4795 5712 
5358 5563 
1114 3209 
4218 5348 
343 2345 
1010 4763 
1735 2300 
3453 4038 
2278 4556 
5648 5778 
3658 5514 
5230 5608 
868 1482 
3322 4718 
3730 5705 
4034 4115 
5540 5788 
2430 2750 
4696 5198 
5600 5774 
4056 4566 
513 2438 
1749 1873 
5602 5850 
2081 4063 
1375 1910 
4121 5438 
1733 4819 
1726 4853 
4499 5273 
4947 5544 
1063 1325 
2583 3688 
868 2033 
877 4890 
2635 5010 
1537 3108 
921 5438 
1773 3565 
5166 5254 
2095 3541 
232 1868 
3486 3998 
3800 4860 
3020 4496 
5141 5864 
746 3602 
1981 3419 
843 4699 
1888 2264 
491 5908 
2622 3796 
1620 3956 
5288 6000 
2234 4764 
3873 4170 
3556 4661 
4207 5463 
781 2036 
4007 4874 
1406 4208 
3461 4747 
346 1394 
1303 2397 
1743 4554 
4566 5317 
2460 3428 
5526 5788 
4530 5612 
5112 5894 
3455 3684 
948 5805 
4513 5770 
3707 4427 
2814 5795 
3972 5920 
1638 4247 
1720 1895 
1401 4194 
3468 3913 
3386 5531 
1468 1637 
5314 5755 
359 1398 
1993 3609 
1012 3004 
854 3415 
294 5728 
568 5955 
280 2858 
1969 2449 
5457 5906 
2290 4429 
1987 5505 
259 574 
5905 5913 
5046 5711 
4489 4907 
831 4833 
4366 4377 
2521 2614 
1834 2192 
4763 5676 
2534 5419 
1702 2994 
165 463 
3364 4738 
4273 4379 
5944 5945 
1867 4606 
4623 5805 
4317 4689 
5071 5967 
2016 2065 
5029 5480 
2599 4275 
4271 5175 
3772 5809 
4990 5094 
327 3907 
4750 5927 
972 5790 
135 3071 
4593 5791 
1322 2179 
4383 4862 
3536 5121 
4781 5090 
3282 4460 
2944 5536 
5637 5821 
3666 4283 
5218 5503 
3853 4996 
1583 5392 
5353 5390 
1016 1755 
359 984 
1850 3593 
2813 4193 
5838 5857 
3200 5339 
100 4011 
2004 2625 
5780 5954 
1941 4086 
415 1925 
5910 5979 
1116 3851 
5480 5955 
1946 4728 
1676 5109 
5513 5866 
3776 5374 
5237 5589 
2530 5567 
137 1835 
1173 5148 
5850 5935 
4002 4132 
652 1885 
5077 5723 
5901 5922 
5764 5870 
1619 4904 
1913 2158 
1005 1384 
3205 5626 
3740 5332 
3474 5185 
3606 5651 
425 3751 
3477 4061 
4312 4686 
4234 5523 
5406 5834 
5266 5317 
4456 5706 
2041 3381 
3653 4725 
1583 2293 
2496 2740 
3284 3422 
5854 5901 
4845 5065 
5985 5994 
5455 5835 
2557 2840 
423 1082 
3193 4835 
2990 5379 
4737 4773 
4914 5412 
3878 5699 
5811 5909 
1088 3524 
3309 3748 
1348 4336 
3229 5467 
4381 4771 
720 4719 
2522 4566 
3463 5074 
300 2227 
2490 5410 
2540 2779 
3761 4649 
1574 2671 
5824 5901 
4129 4417 
627 2922 
292 5037 
2078 4177 
2986 5403 
3006 3479 
2915 4832 
4957 5454 
2315 4731 
5715 5866 
704 3212 
4199 4916 
3044 4277 
3407 5423 
1410 2630 
466 3296 
2639 4540 
429 4763 
5825 5902 
4674 5950 
4324 5718 
5953 5997 
4291 5280 
2654 4256 
3632 3955 
2750 5744 
3128 5543 
1556 4668 
1541 2874 
4653 5190 
2090 4100 
314 5899 
2718 3130 
1515 3170 
189 5953 
3004 5976 
4655 5312 
5563 5789 
835 5554 
4948 5258 
4184 5450 
2923 5242 
2082 5151 
5752 5755 
3350 5621 
5356 5994 
1068 5719 
5403 5793 
3586 5638 
4099 5629 
5177 5315 
4400 4988 
4579 5837 
3888 5299 
456 3075 
3429 5353 
1616 3859 
929 1722 
1541 2306 
3237 5970 
880 4106 
5638 5836 
2271 4507 
4424 5232 
3108 4923 
3371 3419 
160 5346 
3186 5784 
3270 5168 
3686 4272 
2269 2376 
1261 1970 
3797 4338 
2114 4381 
2590 5288 
4203 5862 
4296 5853 
3158 3985 
1409 3618 
2328 2420 
10 4468 
3961 5737 
3340 5764 
1887 5935 
2774 5407 
4791 5070 
1924 3162 
1501 4281 
5086 5862 
3447 4230 
4817 5094 
2577 3048 
4189 4407 
1355 2416 
698 5614 
3337 4491 
5340 5350 
3988 4242 
3623 3994 
4539 4755 
3186 5448 
5227 5563 
4122 5325 
3842 5675 
576 2842 
1542 2510 
88 5571 
3053 5315 
212 4498 
963 4928 
3834 5538 
5744 5824 
389 3114 
2831 5586 
1468 5749 
1489 3538 
5466 5473 
4876 5495 
1146 2813 
2078 3966 
2331 5301 
3816 3933 
2157 2842 
2810 4948 
4726 5760 
1783 5123 
690 5364 
3 4708 
2775 3848 
3650 3824 
487 2987 
5033 5976 
3041 4371 
3243 3349 
5170 5734 
4823 5410 
4970 5592 
2054 5061 
3873 4460 
2617 5977 
2964 4460 
5378 5740 
4538 5757 
5392 5434 
2186 2696 
2958 5709 
2240 4991 
5494 5886 
616 704 
3931 4549 
2885 5934 
5410 5506 
2068 3989 
358 1848 
2508 4900 
3840 4915 
2639 3966 
865 5763 
5699 5803 
2954 5029 
712 3944 
2195 2414 
2787 4430 
3805 5342 
2529 5754 
3579 5076 
4701 4969 
2400 4473 
4052 5675 
869 3670 
5522 5568 
5294 5896 
573 3397 
3099 3361 
1301 3313 
747 5859 
676 2248 
2542 3222 
1943 2403 
3659 5068 
52 3002 
972 4048 
4064 5199 
5891 5905 
5279 5286 
5091 5460 
708 3228 
4895 5865 
3861 5063 
3015 3366 
1002 4851 
2073 5319 
2829 4597 
1183 2211 
3316 4168 
2294 5974 
5350 5734 
1609 4208 
3174 5308 
5213 5381 
4064 5089 
1496 5357 
1454 3208 
1341 4691 
2636 3212 
2870 4313 
5025 5697 
5878 6000 
671 1366 
5275 5430 
2841 3583 
3959 4975 
5359 5923 
437 2289 
4459 5344 
1064 4323 
366 1708 
5351 5705 
1239 4942 
4152 5123 
1284 2760 
3083 3478 
5328 5702 
3199 5785 
3958 5705 
2062 5466 
4347 5176 
5256 5668 
645 5043 
5116 5382 
1700 4092 
2144 3884 
4240 5648 
3587 5478 
5760 5792 
5703 5919 
1345 5146 
2436 5283 
1560 2099 
394 5202 
2153 5798 
5570 5767 
410 1272 
6 4074 
1039 5620 
1022 4714 
5858 5944 
2042 3040 
4630 5866 
2635 5878 
493 3288 
3440 4082 
3139 3591 
1689 5264 
3896 4904 
1842 3466 
478 3994 
2632 5808 
5242 5354 
3199 3985 
3390 4289 
843 4202 
522 5327 
3739 3932 
34 5341 
527 5956 
3240 3752 
5772 5857 
1708 4847 
2314 2421 
380 4293 
4068 5845 
2644 4654 
5688 5812 
860 4447 
409 5344 
979 4500 
616 2813 
5161 5537 
2123 5875 
447 3040 
5023 5594 
5454 5799 
987 4444 
5939 5946 
4016 5047 
4763 5788 
332 3403 
2599 2913 
5829 5920 
1657 4939 
5294 5676 
1036 2871 
5614 5818 
2997 5049 
4485 5001 
2578 2892 
2528 3947 
589 5553 
4337 4613 
2561 3600 
5954 5995 
2666 3432 
1570 3934 
5507 5516 
2404 5459 
5241 5733 
2573 4674 
5391 5574 
3586 5804 
2764 3386 
2035 4078 
3776 5327 
5499 5634 
224 5262 
2874 3505 
4979 5039 
4664 5792 
1171 3643 
1707 2269 
799 5641 
1719 3048 
4081 4199 
1178 1453 
3774 4598 
3340 3722 
4727 4978 
520 3796 
2832 4383 
814 2817 
5370 5468 
1334 3821 
1322 5383 
4650 4988 
774 2792 
2747 3802 
3315 4252 
4988 5487 
106 4404 
1938 5816 
1326 5302 
5631 5713 
4755 5692 
2753 4388 
4064 5736 
237 3976 
3169 5884 
3957 4081 
2859 4274 
1231 1450 
2559 3149 
5892 5998 
5134 5655 
1451 4334 
3784 5760 
1717 4601 
1020 4494 
88 1504 
4478 4997 
1760 2761 
3203 5712 
3325 5294 
4021 4180 
4319 5779 
1429 4517 
2969 5122 
4229 5563 
2044 5792 
46 5115 
2025 3160 
4636 5797 
4445 5234 
2579 4200 
3043 5386 
617 4475 
5338 5706 
4711 5657 
61 4215 
3539 5099 
3601 5643 
3166 3643 
1787 3962 
887 1497 
2392 5186 
4309 5390 
1689 4569 
4571 5997 
5071 5303 
5814 5932 
454 5316 
1759 3340 
1595 2999 
1397 5451 
297 1098 
5613 5763 
679 5367 
2507 4946 
5485 5528 
212 2154 
5897 5912 
4101 5812 
3020 4524 
5999 6000 
4547 4793 
1544 4139 
3280 5924 
5873 5941 
4877 5595 
3591 5824 
1392 3003 
1227 1765 
3968 4074 
4859 5505 
5070 5784 
1438 3946 
3098 3973 
198 5794 
1842 4152 
5795 5841 
924 4658 
910 2071 
2309 4227 
5584 5691 
4457 5955 
4354 4589 
1355 2944 
3846 4811 
2868 3942 
4081 4391 
4951 5297 
4013 4659 
1276 5523 
1403 2308 
1317 4734 
4344 5156 
4065 5173 
4414 5064 
1483 5986 
1418 5660 
5449 5662 
5255 5261 
4080 4765 
1723 4010 
307 5693 
1111 3591 
3228 4114 
254 5821 
3626 4869 
345 4079 
3408 5801 
1184 2864 
1603 1931 
2052 3750 
2986 3687 
830 1367 
4279 5427 
4049 5337 
1124 4441 
1585 1797 
2690 4225 
5657 5756 
4050 4757 
3154 4135 
2658 5529 
3333 5059 
820 2554 
5814 5900 
4468 4599 
1050 3453 
4214 5502 
5119 5868 
3986 4559 
3619 4294 
679 2045 
4750 4823 
3302 5380 
2747 3367 
2701 3477 
2814 3360 
213 4440 
80 2455 
5963 5973 
1199 4389 
1344 5581 
3789 4849 
4664 5208 
2205 5577 
3631 4437 
5984 5995 
5830 5930 
4602 5551 
5409 5616 
3807 5528 
4089 4366 
1269 5658 
970 4792 
5429 5551 
548 4232 
4548 4608 
3354 4265 
3697 5178 
3035 4431 
845 4650 
3068 3630 
4435 5129 
2186 5715 
2769 2900 
321 529 
1486 1797 
1186 4891 
5299 5387 
3918 4434 
692 1178 
3075 3104 
5869 5919 
123 2679 
1314 1460 
3298 4537 
582 5313 
1979 2942 
4005 4848 
3863 4457 
82 3651 
5682 5983 
967 1500 
2849 5004 
5844 5965 
828 5445 
3902 4209 
1583 4077 
1077 4362 
1355 2508 
3486 4241 
1275 1989 
536 2945 
5891 5914 
2194 3918 
181 2980 
1014 3639 
2492 5755 
2160 5951 
4727 5297 
338 5670 
5726 5915 
1526 4465 
3398 4221 
796 5374 
2967 5525 
4293 4608 
48 5525 
4963 5105 
3441 4392 
2634 5204 
3624 5697 
5176 5335 
1112 5209 
2684 2888 
2559 4207 
4449 5725 
2522 3373 
3050 5177 
2584 3274 
4368 5412 
1606 2699 
2924 5532 
1777 5058 
1744 3354 
5648 5807 
5362 5621 
5340 5871 
3606 4929 
4477 5406 
4110 4155 
810 4767 
5026 5442 
3972 5428 
214 2045 
5779 5969 
1086 5155 
3930 4598 
2623 3524 
5226 5520 
2458 5687 
1244 3758 
1453 1623 
2785 2995 
4329 5219 
2478 3782 
1268 4534 
4665 5603 
4632 5045 
2659 2685 
5583 5768 
1003 4370 
2154 4634 
5171 5562 
5125 5884 
3919 5134 
210 3654 
2987 3931 
4343 5524 
3501 4936 
3022 5974 
3437 5050 
2013 3932 
3970 5997 
2171 2238 
754 3375 
881 1847 
2627 5961 
88 3332 
5584 5996 
1310 2141 
4974 5617 
5846 5961 
844 3354 
2435 4105 
3783 5960 
3477 4179 
2129 2603 
543 4231 
1264 2178 
145 4660 
823 4106 
2593 5451 
572 1474 
2532 3031 
3410 3937 
117 300 
4160 5613 
4977 5644 
1188 1775 
4969 5693 
1679 5400 
4817 5763 
4492 5563 
3271 4187 
1463 5139 
3044 4436 
4531 4979 
3421 4578 
4403 5447 
5254 5311 
2386 3938 
4460 5651 
519 3765 
3170 4917 
5341 5465 
1333 3451 
5294 5473 
4379 4773 
4220 5352 
2849 4716 
1314 5195 
3125 5631 
1724 4970 
5127 5660 
378 2090 
4986 5909 
3662 5141 
5260 5572 
4965 5878 
2008 5354 
1684 4149 
2661 3221 
3663 5960 
3683 5107 
3267 3687 
387 4518 
451 1947 
4669 5936 
2633 5548 
2256 5565 
377 4160 
4925 5782 
2331 2612 
614 2367 
1954 2652 
187 4960 
2101 4298 
4213 4893 
5372 5447 
4805 5405 
2023 3988 
3273 4729 
4408 5785 
3709 4161 
4385 4601 
2595 2622 
5650 5925 
5127 5719 
3319 4752 
330 1598 
4303 4655 
4800 5624 
346 2650 
4377 5813 
1671 5064 
4832 5525 
3082 5916 
4874 5136 
5806 5900 
2300 4284 
3956 4664 
5772 5874 
3810 4659 
3893 4670 
4359 5360 
2165 2561 
1865 2124 
2197 3578 
3924 4628 
1439 5398 
3860 5155 
5475 5724 
1434 3409 
3694 3880 
5813 5927 
1596 3125 
271 3520 
1914 5903 
1969 2086 
3372 3717 
1167 4932 
1654 4804 
5619 5746 
474 4024 
2765 4385 
4977 5750 
3458 5143 
3997 5151 
5702 5724 
812 1155 
722 5228 
4815 5899 
2352 2906 
2519 3578 
2748 4298 
1828 3895 
225 4997 
2 734 
1938 2506 
5586 5721 
5216 5449 
5005 5479 
4105 5004 
4173 5192 
2612 3529 
2113 2217 
3410 5065 
671 3687 
1347 5707 
1832 5015 
785 5988 
5923 5973 
3170 5648 
2049 5629 
1975 3708 
5852 5918 
5546 5775 
1666 2307 
2220 4989 
3410 4710 
5356 5675 
2242 5804 
3972 4361 
1014 4104 
3649 5316 
2390 5017 
5110 5356 
3991 4620 
5 1077 
3168 4543 
5194 5632 
5772 5887 
3209 3266 
3118 3120 
1128 2239 
4752 5050 
4406 4589 
92 5996 
3230 4992 
2316 2437 
5162 5323 
4764 5006 
4172 5839 
5940 5998 
5737 5758 
5346 5581 
5645 5751 
2007 5523 
1734 5131 
1188 2974 
99 4486 
701 5740 
1794 3621 
5241 5509 
3282 4705 
4174 4571 
5942 5953 
5640 5858 
5968 5973 
874 5991 
2853 4202 
5993 5994 
5407 5753 
1976 5020 
747 3231 
5454 5659 
4103 5313 
4011 4336 
2970 5913 
5000 5500 
5621 5895 
2146 3948 
1414 5036 
672 5103 
257 2041 
147 171 
3578 4249 
2242 4970 
5371 5447 
2318 5094 
834 1131 
5901 5973 
1211 1819 
5103 5507 
4034 5564 
1990 5483 
3728 4831 
1953 2026 
5917 5926 
2834 3423 
1294 5848 
5923 5970 
2388 3801 
2406 5567 
4030 5778 
1360 3666 
2491 4536 
3278 4861 
5506 5554 
4500 5966 
4945 5352 
2164 4276 
78 2528 
1406 5277 
3344 4228 
4278 5825 
3405 4122 
4964 5427 
4704 5845 
1931 3494 
4967 5933 
5376 5443 
5991 5997 
3319 3761 
3096 4715 
1543 2091 
3457 4519 
3847 4218 
1196 2097 
5151 5525 
1523 2734 
5067 5490 
3486 4569 
3099 3245 
4165 4338 
5607 5882 
3827 3896 
3779 5468 
892 1094 
3230 5888 
689 5462 
5923 5965 
1484 4022 
5910 6000 
465 3789 
3418 5745 
4093 4921 
373 2149 
2469 3722 
774 1519 
2229 2527 
5924 5973 
2592 2828 
4378 4390 
2340 4643 
596 5752 
3614 3948 
3750 5999 
4622 4888 
2585 4562 
876 2452 
3615 5013 
5523 5862 
5101 5531 
2170 2337 
2150 3266 
2463 3703 
2964 3617 
4032 4580 
5836 5947 
3945 4640 
148 653 
3189 5520 
1675 3848 
1234 3595 
687 4482 
2725 4791 
545 613 
2588 5180 
2021 3236 
1043 1584 
1230 1308 
3354 4313 
3311 4035 
2638 5405 
3013 4859 
3348 4580 
2143 3655 
300 1474 
2019 5438 
3454 5757 
947 4263 
1656 2742 
5308 5424 
1587 2999 
1266 2377 
5107 5930 
4178 5552 
1005 4742 
723 2332 
497 4291 
2593 5912 
5636 5846 
3794 4678 
3992 5843 
4703 5933 
586 5081 
892 1439 
3374 4599 
2837 3862 
1796 1870 
2781 5685 
1456 4688 
2813 5058 
438 895 
3801 4320 
5665 5744 
791 5307 
5559 5876 
1224 4148 
3981 5155 
5801 5801 
5520 5843 
5849 5866 
1307 2335 
4208 5168 
891 4542 
316 1415 
5239 5791 
4583 5726 
5863 5904 
5463 5574 
1921 5568 
1923 5411 
2341 3366 
351 2205 
240 5987 
3626 4938 
5905 5988 
2964 3197 
1378 3451 
656 3174 
4356 5211 
2457 3153 
4346 4455 
1715 2826 
5776 5806 
3923 3965 
2255 3975 
2857 3547 
886 5210 
5968 5998 
3803 5077 
283 3929 
5202 5803 
1237 3696 
2342 4017 
5586 5958 
4877 5066 
4332 4374 
3632 4695 
4936 5968 
2608 3531 
2968 5534 
812 911 
1807 3040 
3670 5884 
905 4948 
158 875 
5159 5231 
3827 4862 
365 1741 
1677 4983 
4993 5663 
4695 5261 
5708 5847 
2771 3396 
2538 2641 
2574 2866 
5407 5693 
5851 5922 
3191 5255 
4709 5775 
3253 3347 
5209 5440 
2776 4389 
5563 5793 
2216 5451 
1312 3738 
251 4337 
24 1095 
2060 5146 
1506 2303 
4854 5900 
4092 5149 
1889 2110 
5337 5500 
4256 4292 
2140 4285 
3038 4819 
219 4579 
5819 5983 
2474 4057 
66 4352 
5333 5391 
649 2995 
579 5347 
371 5409 
2277 5385 
5771 5955 
3731 4895 
1314 5609 
4044 4116 
5979 5984 
1827 4157 
3901 4904 
379 4133 
5807 5842 
3742 4141 
1272 2287 
4910 5355 
5912 5949 
4689 5679 
3969 5079 
4018 5446 
3792 4435 
5066 5924 
4277 5749 
3868 3879 
1903 3325 
2513 3536 
5813 5843 
1177 4223 
5987 6000 
1069 3390 
3050 3170 
4055 5848 
5040 5140 
1807 1916 
1551 3651 
4912 5043 
3986 4480 
4678 5971 
3319 4761 
2683 5679 
5460 5643 
4305 4559 
2824 4589 
5434 5613 
2767 4559 
491 1887 
2076 4134 
3350 5888 
3936 4975 
3522 4069 
4778 5050 
4997 5979 
4875 5654 
1959 5853 
3141 5466 
4899 5000 
114 4800 
1013 2269 
4541 5597 
2688 5011 
1457 4349 
4843 5621 
4684 5241 
4051 5368 
2093 4476 
78 2298 
2043 2161 
2173 4946 
5838 5923 
4066 5846 
4915 5339 
5436 5814 
2618 5526 
4786 5145 
4674 4957 
358 5071 
330 2819 
4481 5994 
1341 4965 
2969 5350 
3706 4475 
2279 3884 
304 4234 
5732 5953 
5770 5978 
618 2068 
4069 5299 
1115 5765 
5654 5824 
4195 5320 
4803 5260 
2769 3304 
5595 5853 
5715 5845 
989 2093 
5564 5749 
1817 4317 
3686 5787 
1498 1691 
2800 4747 
799 3841 
1744 5906 
3621 4299 
727 3098 
3859 4229 
1912 3358 
5132 5530 
3824 5251 
4758 5320 
996 1216 
1145 1487 
3076 4415 
4603 5935 
1541 3211 
720 3229 
3410 5011 
3196 3797 
2302 5012 
3222 4546 
3779 5021 
3489 4798 
317 5451 
3127 3985 
4954 5202 
4378 5159 
2583 5109 
366 561 
4807 5781 
4178 5720 
1843 3500 
880 5745 
3230 5284 
1561 3129 
4205 4616 
4900 4909 
3925 5050 
74 3835 
4362 5493 
78 684 
781 2269 
5434 5586 
2851 4522 
1561 5556 
2475 5419 
3946 4602 
5447 5718 
1371 2890 
4432 4839 
2215 2873 
3543 4616 
2392 2833 
3592 5694 
2008 3700 
4116 5996 
523 617 
1957 2493 
4130 4333 
1775 5763 
1168 5525 
3837 5155 
3395 4807 
4263 5632 
457 1026 
558 5620 
561 1254 
5371 5961 
5258 5407 
2519 3136 
144 612 
2993 4204 
3090 5298 
4774 4975 
4951 4951 
3346 4927 
4224 5941 
636 4575 
5741 5824 
4761 5918 
1094 3403 
3170 4752 
390 2194 
3814 4162 
996 5830 
5294 5305 
3993 4150 
3651 3913 
5842 6000 
769 1078 
2256 2462 
5484 5815 
3734 4766 
5316 5339 
1360 5300 
2160 5133 
3233 4642 
2130 2850 
1483 2416 
2472 4729 
987 4393 
5946 5978 
3030 4202 
817 5278 
5506 5950 
2864 5032 
4412 5690 
4373 4769 
5124 5184 
2765 4734 
2647 3199 
3785 4214 
1726 4088 
1362 2011 
3850 5326 
220 3447 
1675 3846 
5462 5475 
156 3760 
3345 4218 
4878 5151 
681 1606 
634 4455 
920 4638 
3875 5589 
5487 5531 
5975 5999 
1024 5094 
2534 3973 
1418 4092 
4107 4920 
2547 3434 
3761 4317 
501 5339 
4756 4922 
4367 5516 
5495 5498 
1288 5225 
3741 5022 
3890 5515 
1618 4815 
1767 5735 
4907 5767 
1052 3180 
1678 3082 
3271 3648 
1949 2431 
4449 5601 
4085 5239 
3363 4127 
3464 5890 
3138 3730 
4003 5352 
1570 5085 
1095 1144 
4619 5154 
1858 2712 
2160 3848 
4582 5011 
3001 4852 
3650 4712 
4777 5095 
3012 5791 
4381 4749 
2978 4119 
1125 5752 
503 503 
4017 5515 
699 3156 
640 4444 
3920 4366 
4364 4499 
2700 3874 
589 5369 
309 4633 
616 2729 
5502 5891 
5473 5507 
2488 2783 
5802 5989 
338 5517 
5230 5584 
3689 3778 
4617 5707 
218 5344 
5778 5852 
1212 5545 
4501 5844 
2174 4596 
125 2532 
4503 5907 
1513 3442 
2237 2995 
4531 4679 
1462 5488 
1371 4873 
5533 5547 
3117 3654 
1796 2722 
2932 4958 
1413 2859 
4852 5427 
3097 4026 
4236 5335 
676 5922 
4512 4677 
3358 4601 
1650 2481 
5588 5979 
4078 4782 
5996 5998 
2366 5133 
2616 3866 
4885 4920 
4576 5651 
94 1909 
2402 4841 
4603 4646 
1158 5480 
5252 5629 
2846 4486 
452 2707 
1682 4930 
3313 3749 
1403 5764 
4756 5219 
3903 4795 
307 3302 
881 5140 
5594 5783 
2855 5664 
14 193 
768 5597 
2828 5705 
4693 4728 
3600 4845 
2464 4399 
1046 4476 
3906 3959 
5088 5621 
4785 4970 
5501 5705 
2449 2778 
2989 2995 
4173 5136 
3215 3651 
2692 3689 
1638 5742 
5320 5693 
3145 4628 
4744 5646 
5801 5923 
872 2754 
4932 5801 
530 3523 
4385 5290 
4239 5458 
706 3607 
18 582 
3663 5056 
805 1256 
4219 5487 
5394 5955 
630 1101 
2759 5178 
4897 5790 
1174 1629 
4794 5811 
1393 3395 
497 3965 
1387 2965 
5991 5996 
5717 5970 
614 5585 
1341 3883 
4881 5305 
438 4039 
5148 5210 
2947 5623 
3123 3345 
2543 4918 
1212 4542 
3027 4741 
3061 4354 
5720 5722 
1373 3208 
2767 4376 
3161 4505 
2209 2623 
3780 5978 
617 3699 
1039 4308 
4170 5812 
202 5570 
5343 5345 
4876 5139 
2507 4576 
325 2796 
1176 5249 
3749 3873 
3413 5519 
3058 5223 
1082 1332 
5726 5966 
936 4957 
3627 4055 
890 1327 
1951 5963 
5145 5264 
1287 4076 
5504 5740 
718 1018 
433 1361 
2647 3398 
1635 2569 
3685 4922 
4525 5635 
1774 2109 
3700 4474 
383 1081 
5190 5607 
5404 5717 
4774 5666 
5936 5984 
4878 5787 
4452 5310 
5141 5211 
5523 5854 
4221 5223 
447 4218 
965 3461 
2391 3048 
618 2304 
2132 4760 
103 3748 
1683 2461 
1169 5883 
989 2104 
14 4927 
5176 5956 
4471 5054 
343 3400 
2263 3178 
2231 5701 
2701 5129 
3806 3884 
4495 5491 
5004 5158 
4678 5347 
5184 5914 
427 1875 
584 1153 
4914 5551 
4316 5214 
2508 3972 
1809 4025 
2139 4962 
5516 5923 
188 2104 
337 5441 
260 4436 
1696 4822 
3695 5625 
3919 5995 
5086 5468 
1030 5144 
1286 3120 
492 1909 
4057 5608 
2746 4964 
1333 1891 
2343 4984 
5551 5968 
3395 5696 
645 5615 
5014 5409 
5738 5875 
4338 5086 
1988 3495 
2150 4132 
420 4513 
2682 3387 
51 1928 
5257 5688 
2326 5311 
2626 3199 
3920 5163 
1653 4812 
3077 5500 
4093 5386 
1651 5194 
318 2066 
697 4592 
4748 4997 
2125 3779 
4942 5555 
1566 1942 
552 3471 
5169 5494 
3279 5850 
3600 4166 
5530 5827 
197 4417 
2802 3288 
842 4959 
2711 5546 
2203 2400 
2493 2540 
466 702 
817 1429 
4635 5720 
5661 5896 
731 4854 
3464 4569 
308 1739 
5011 5295 
1217 2064 
4055 5185 
172 2379 
4292 5061 
5081 5543 
609 3800 
4959 5474 
1853 4275 
4933 5954 
5960 5998 
751 5460 
3502 5348 
31 4249 
3719 3805 
5806 5886 
2549 5236 
689 5929 
804 4513 
67 1845 
910 4219 
3439 5026 
5002 5043 
5856 5984 
4388 5951 
2764 5673 
4215 4285 
5211 5882 
5146 5509 
3852 4839 
3163 3502 
5924 5984 
2355 5916 
2684 5399 
231 3046 
33 4113 
4395 5402 
2453 3090 
5230 5344 
2829 5646 
3673 5239 
4107 5683 
2932 4786 
4406 5841 
2112 4352 
3604 4131 
2139 5934 
3611 3734 
1891 3875 
5629 5912 
2212 3413 
2277 2718 
2215 3649 
2815 5546 
1479 2761 
4232 4243 
2419 5887 
4009 4096 
3979 4523 
949 2507 
5453 5661 
2030 3542 
4820 5973 
326 858 
4471 5146 
513 972 
175 919 
1703 2839 
3424 3468 
4339 4499 
1833 4535 
1089 5931 
5898 5936 
3844 5183 
1198 5148 
3994 4945 
3980 5319 
4294 5837 
2195 5485 
584 3370 
4143 5956 
2908 5841 
1700 4654 
2435 2856 
4877 5033 
793 5989 
5544 5993 
1359 3460 
4649 5444 
3264 3305 
156 3186 
5398 5864 
2697 4291 
1067 4348 
636 3777 
1172 3852 
35 407 
4087 4877 
3212 4205 
948 1564 
2973 4978 
2566 4291 
5812 5867 
5224 5336 
1384 1910 
1271 5722 
3036 4899 
758 5527 
658 1566 
3002 5390 
5459 5980 
3677 5875 
4840 5466 
373 1275 
4250 4956 
5385 5862 
2028 4386 
1607 2820 
5444 5511 
4845 5501 
1807 5369 
1422 4817 
4945 5432 
359 1151 
2279 3796 
2362 5518 
1292 5901 
4376 4700 
4387 4718 
5718 5892 
243 2012 
2656 5330 
2799 5115 
4935 5946 
3755 5063 
1919 4648 
2049 2105 
4807 5070 
1609 5506 
59 4223 
4998 5210 
4855 5663 
516 4966 
5676 5780 
4205 4777 
4592 5705 
510 1896 
1650 2459 
5045 5860 
2022 2703 
937 4091 
1639 2658 
478 1008 
35 5510 
1146 1447 
5611 5708 
2949 5478 
3639 5932 
1234 5471 
1384 3220 
3714 5325 
1240 5897 
1684 2535 
2494 4716 
4218 5606 
5697 5991 
2267 2339 
4993 5599 
137 404 
3581 5950 
5310 5830 
173 862 
4724 4903 
2456 4500 
369 4225 
4410 4999 
1602 5314 
3952 5537 
4161 5177 
2128 3320 
873 3636 
2838 3895 
4551 5786 
3728 4048 
5138 5796 
1889 5101 
3610 3746 
4110 4792 
3067 4246 
1043 3903 
2608 2882 
1543 5288 
4485 5820 
2928 5627 
1702 2445 
4874 5800 
801 2706 
4813 5402 
3261 3619 
2553 2875 
5942 5964 
2597 3560 
3543 5144 
3963 4395 
5524 5952 
423 5299 
5333 5928 
3622 5623 
3204 4402 
2541 4116 
1581 4685 
339 3054 
3185 4664 
4758 5236 
1723 4777 
1918 3416 
1222 4427 
2229 2294 
1849 3249 
3620 4452 
4871 5131 
1267 5699 
1485 2531 
344 781 
4084 4611 
4043 5614 
5269 5850 
2032 5534 
1643 3571 
5971 5976 
5745 5988 
3216 3455 
4707 5022 
3520 4890 
4737 4908 
5028 5506 
5192 5449 
4821 5617 
5395 5816 
2383 5154 
5872 5990 
1618 4897 
1821 2981 
304 3674 
4770 5805 
1894 3098 
3028 5797 
5677 5706 
373 5067 
1730 4510 
637 3686 
2416 3669 
101 1806 
5801 5823 
5341 5372 
1357 3063 
4806 4823 
808 4247 
171 4562 
4488 5358 
5460 5888 
442 5122 
3791 4034 
2392 5364 
5489 5619 
5944 5945 
2360 4987 
5018 5230 
5146 5882 
2824 3764 
3176 3965 
4975 5144 
4395 4731 
4566 5308 
4435 5108 
4762 5343 
1411 5494 
3586 4222 
4898 5681 
2410 3368 
5534 5923 
5090 5199 
784 5440 
2939 5344 
3475 5896 
4698 4979 
1701 3799 
2401 3505 
5691 5810 
444 5711 
3469 5747 
2434 3225 
4756 4825 
4517 5758 
1602 5808 
4588 5966 
3015 4091 
2503 4932 
1864 4529 
3691 5055 
4640 5905 
2224 5667 
364 4735 
474 2357 
3559 5914 
5675 5878 
4829 5567 
67 3510 
500 3717 
1578 1737 
1850 2462 
4164 5235 
2811 5724 
4059 5403 
3327 4398 
3328 3900 
241 1794 
2096 2884 
778 4077 
4692 4998 
4721 5857 
5156 5604 
2337 3188 
5297 5718 
5580 5775 
5078 5214 
2049 2865 
1490 2612 
2671 3409 
1359 1398 
2523 3673 
800 5239 
1311 4677 
4947 5353 
5958 5958 
4769 5336 
975 4982 
3506 5683 
2010 2082 
1579 5037 
5866 5958 
5226 5984 
4920 5456 
1325 4177 
1502 2761 
121 2475 
757 3510 
2774 4178 
1804 4835 
2996 5542 
810 1064 
1343 4485 
377 3878 
1232 5958 
2012 5223 
4836 5017 
3752 4988 
4620 4673 
2058 2916 
3590 3769 
3571 3928 
3891 4592 
4555 5976 
3695 5336 
2846 5393 
2936 3458 
5630 5854 
2457 4560 
3596 4597 
575 1643 
2371 5005 
5998 6000 
850 4920 
4140 5320 
2445 5117 
5190 5310 
2532 3373 
4227 4659 
752 4973 
3235 3455 
2395 2530 
1 1077 
230 4363 
4250 4553 
604 2788 
4150 4592 
2705 5118 
1515 5831 
4934 5818 
349 4234 
1687 5682 
5436 5650 
5973 5993 
2573 3236 
1494 2022 
2569 5752 
2611 2660 
3354 5041 
2094 2145 
170 5563 
456 5636 
4746 5073 
5922 5992 
4935 5281 
5241 5685 
3417 5779 
5841 5884 
3022 4525 
2453 5523 
2587 5244 
1255 5369 
5536 5693 
1704 1885 
2687 3548 
4553 4905 
2312 2347 
1842 3152 
5704 5722 
732 1964 
2863 5294 
5337 5541 
5773 5846 
4735 5103 
3183 4729 
5531 5572 
4825 5843 
2931 4960 
5305 5784 
4807 5295 
308 371 
2639 5745 
5312 5454 
1687 1775 
222 1831 
205 1580 
3401 5543 
1177 1568 
1967 2316 
1841 5409 
1682 4204 
2545 5297 
3879 3977 
1807 3085 
1314 5949 
1737 5555 
87 2335 
4730 5734 
2078 5029 
5200 5892 
3887 4492 
2289 2882 
2483 2644 
5177 5473 
5675 5854 
3777 4219 
1243 2225 
555 5237 
827 1893 
5306 5780 
4653 5208 
1934 5286 
1899 4108 
5052 5358 
2627 3389 
1120 4155 
5033 5078 
328 807 
2271 5599 
2125 5189 
4109 5060 
2414 4788 
1149 4405 
5741 5770 
3423 4348 
1724 4706 
3724 4722 
3146 4078 
2298 4956 
5093 5870 
2338 3577 
2570 2864 
509 686 
5466 5542 
3137 4794 
1938 2427 
3702 5556 
5794 5883 
5992 5998 
774 5427 
5223 5898 
3529 4322 
4618 4965 
1217 2133 
181 765 
4927 5131 
4688 5731 
1839 2109 
5033 5765 
3217 5066 
2594 2815 
4927 5646 
4914 5723 
3828 5571 
2173 5569 
3282 5418 
4661 5205 
4775 5382 
2308 4530 
4475 5430 
833 5908 
5981 5993 
1405 3692 
3804 5587 
4358 5098 
5740 5845 
1143 4783 
2564 4614 
2035 5895 
1798 1855 
3801 5371 
676 5113 
5854 5950 
5460 5604 
1550 2112 
4319 5459 
5093 5538 
5338 5770 
5932 5965 
5781 5875 
5534 5901 
2404 4657 
4688 4986 
3897 5432 
1945 4168 
4045 4331 
5912 5977 
3603 5064 
2634 4118 
3218 3704 
5943 5983 
2625 4461 
605 3586 
2204 2698 
4603 5554 
1655 5134 
1985 5078 
1940 4984 
4655 5569 
2818 4813 
4403 5155 
475 1157 
999 2442 
5941 5972 
4304 5127 
125 2743 
2005 2158 
648 5369 
442 2891 
2351 4715 
1398 3271 
5686 5870 
5244 5501 
998 5080 
4641 5512 
5240 5323 
2685 5403 
3317 5828 
2829 5141 
3198 3708 
2494 3482 
3114 4350 
3070 5562 
3225 4124 
2311 4092 
5352 5570 
1180 4346 
2632 3798 
2619 2741 
2683 2928 
4130 4609 
3138 3927 
1974 4573 
354 4683 
3169 5263 
1162 2205 
3414 4851 
5005 5960 
2636 4011 
1706 3917 
1170 1253 
3694 4863 
4649 5320 
1324 4385 
2773 3687 
3576 4113 
663 5738 
5753 5784 
5691 5784 
5249 5650 
2377 5339 
4174 5445 
2619 5606 
5291 5540 
3612 4794 
1952 3194 
5058 5883 
4427 4966 
1740 3084 
3520 3661 
5555 5864 
2970 4536 
699 4899 
3268 5727 
3250 3464 
4700 5490 
1690 1971 
3508 5750 
538 5124 
5633 5731 
1900 5718 
5487 5762 
4201 5010 
2377 3643 
1923 2728 
2666 5357 
2198 4389 
326 475 
465 726 
2942 4650 
411 1110 
4980 5460 
5165 5944 
5112 5485 
4772 5722 
3819 5398 
5064 5124 
3896 4926 
5085 5968 
281 5593 
4945 5796 
4497 5649 
2228 2528 
2726 4077 
4650 5406 
1822 2785 
689 4773 
194 2119 
1066 5862 
2861 4783 
1053 1544 
1282 1862 
2888 5654 
181 5784 
621 1858 
4999 5902 
1447 3447 
696 5260 
1137 4105 
100 3712 
2778 3216 
3373 5589 
5724 5813 
4621 5423 
3794 4173 
2740 4792 
2448 3356 
3615 5303 
4808 5493 
3262 5841 
1822 3995 
5444 5585 
4619 4959 
5070 5429 
1805 2639 
3652 5430 
421 5330 
672 3029 
4561 5991 
5448 5581 
1902 4327 
814 2126 
2818 4758 
3731 4205 
151 4468 
3889 5990 
2799 3747 
4776 5780 
2581 2890 
5293 5617 
315 3891 
4625 5463 
3817 4788 
3038 5919 
3728 5747 
5228 5472 
3695 4068 
841 1761 
5785 5930 
3722 4520 
2147 5937 
2075 5529 
376 4773 
4844 5956 
89 5946 
189 1379 
5615 5681 
4336 5829 
4283 5693 
3107 3506 
1594 4224 
4558 5788 
1296 3251 
3428 3474 
3842 4027 
4379 5791 
4388 5165 
5130 5580 
1406 5171 
4710 4835 
1530 2413 
4104 4868 
4004 4654 
464 1105 
511 2303 
2646 4066 
1631 4260 
3135 4549 
4313 5493 
4989 5585 
4773 5927 
3052 4470 
3143 3197 
5829 5874 
3289 4091 
4167 4443 
4983 5582 
1861 5617 
695 2331 
953 4322 
2041 5889 
5740 5906 
5810 5830 
76 511 
5174 5578 
5895 5910 
5738 5851 
4951 5611 
1177 2749 
4691 5508 
2535 5829 
3091 4212 
1907 3530 
4643 5663 
1723 3835 
134 2390 
959 5059 
3024 3958 
2204 2632 
723 3291 
2704 3209 
3517 3956 
379 4095 
573 2618 
2528 3788 
1165 4472 
5728 5819 
3780 5438 
5343 5749 
1042 2883 
5873 5933 
3877 4090 
1178 4321 
5915 5955 
502 5632 
1532 4799 
1985 3125 
3329 4577 
3602 4960 
687 2109 
3046 5716 
779 3186 
5092 5199 
4651 4685 
1963 5572 
5098 5708 
5873 5905 
3764 5134 
1802 4621 
4069 5714 
1036 4115 
2846 5169 
3817 4923 
4982 5779 
2375 3878 
5729 5817 
828 2820 
145 1652 
4748 5493 
1004 4152 
2982 5885 
4830 4957 
3746 4385 
124 3410 
5766 5970 
5834 5932 
1095 3205 
3226 5753 
4838 5475 
3607 4964 
2705 5284 
2631 2811 
962 4475 
1326 2195 
2836 5711 
3121 3533 
4705 5624 
3591 3934 
938 4727 
602 2850 
4333 5357 
8 5017 
4868 5881 
112 2696 
1010 4225 
3650 5822 
1722 3784 
1423 3431 
4390 5555 
4076 4540 
5410 5937 
5937 5943 
379 4597 
5767 5821 
3508 3558 
1549 2876 
499 2740 
2539 2706 
292 5259 
3346 4589 
3078 4740 
3334 5472 
2537 5485 
5644 5911 
2464 3923 
819 1010 
2806 4489 
940 5451 
2863 3446 
5934 5980 
2609 3022 
1973 3149 
4162 5575 
5586 5674 
641 1071 
394 4178 
831 4911 
5518 5658 
1942 4463 
2756 4857 
1193 1474 
993 3123 
5317 5741 
3120 5705 
4535 5797 
1753 2977 
3340 5093 
247 1864 
4130 5655 
4750 5219 
1585 4975 
5979 5991 
3121 4619 
3601 5321 
319 5775 
3566 4008 
2759 4299 
1025 4967 
2625 3378 
5658 5955 
3072 4926 
3564 5651 
4075 4306 
3862 4697 
2135 4526 
1086 5287 
3370 3908 
1109 5869 
1975 4456 
3813 5452 
4077 5019 
1658 3949 
5097 5306 
2192 2966 
2343 5861 
4801 5798 
2681 5088 
3059 3490 
665 4861 
4691 5857 
4834 5322 
5557 5677 
200 5594 
3799 4333 
5169 5398 
3223 3683 
2873 5648 
3072 5355 
851 1156 
5477 5972 
2413 4975 
2924 4972 
2078 4337 
1472 2005 
5095 5528 
5085 5997 
2791 4973 
5987 5992 
5233 5396 
1325 2442 
4144 5917 
5254 5441 
3788 4798 
1105 2693 
5920 5959 
4136 5197 
137 2313 
3132 5973 
4634 5800 
3945 4563 
5387 5956 
1981 5698 
2209 3733 
2354 5607 
4466 5199 
2702 4868 
1585 4178 
2779 5352 
1127 1791 
4864 4871 
1236 4181 
4220 5368 
1826 5636 
76 1160 
5072 5242 
4688 5482 
4224 4241 
4416 5137 
1126 4224 
1289 2068 
2659 4628 
3889 5871 
3862 4335 
1763 3311 
1575 5661 
1262 3713 
5721 5976 
881 1160 
723 1283 
1238 4312 
737 2803 
4261 4488 
3880 4847 
2848 4859 
2846 5907 
3179 5062 
4638 5542 
123 4638 
4324 4754 
5569 5605 
3761 4519 
4010 5011 
585 2914 
5087 5151 
679 3682 
1677 5309 
4652 5532 
3314 4544 
2068 5530 
5213 5719 
5701 5800 
1629 4110 
4333 4672 
3640 4183 
3898 5672 
5564 5959 
1024 5014 
5379 5860 
1637 3657 
5626 5858 
2306 5370 
3798 5348 
5174 5796 
4484 5117 
2845 3485 
1350 4585 
4734 5941 
2682 5042 
5585 5717 
3781 3944 
4382 4558 
5099 5625 
185 1725 
3622 5984 
2068 2247 
1203 5866 
287 2421 
5244 5781 
2619 3045 
1978 5396 
4646 5135 
4675 4902 
5750 5944 
1733 2362 
4499 5908 
2792 4083 
1769 2495 
1678 4292 
3861 4929 
5062 5322 
4545 4963 
4068 5415 
764 5840 
3734 4326 
4814 5407 
3223 5384 
1734 3146 
2267 4329 
36 5863 
2677 3923 
2681 5106 
5836 5876 
3575 5066 
350 1828 
3838 4882 
1578 5299 
157 3938 
5362 5542 
5105 5792 
1517 5479 
3445 5850 
941 4141 
891 1455 
922 4331 
2254 3845 
3033 5477 
4619 4969 
965 1330 
3017 3561 
3853 4970 
2208 3124 
1123 1273 
33 1722 
5177 5927 
1828 2477 
2378 3397 
1919 2185 
4997 4999 
1634 5649 
1008 1524 
5816 5870 
5386 5629 
1011 2229 
3127 4538 
4280 5210 
2768 5270 
2800 5659 
3595 4950 
1897 3126 
4406 4840 
4924 5259 
705 5660 
5070 5953 
766 5740 
4428 4920 
5686 5701 
5175 5694 
3248 3367 
1141 2194 
4507 5313 
14 5890 
5305 5943 
4252 4530 
1189 3865 
5812 5982 
5365 5900 
3438 5914 
1116 2807 
2619 4780 
2994 4369 
1443 1894 
3435 5819 
187 4357 
5594 5698 
3510 4632 
233 4855 
44 2451 
3245 4407 
862 4639 
5929 5936 
5016 5755 
1591 3347 
4490 5412 
1731 2763 
4600 5837 
166 813 
343 5000 
2470 5957 
991 1729 
3614 4477 
974 5276 
5672 5739 
5416 5713 
4441 4776 
4759 5869 
1731 4485 
647 3584 
5862 5909 
4527 4737 
56 5860 
4360 5890 
787 970 
5799 5985 
3069 5508 
5474 5772 
494 1451 
1503 3065 
585 751 
5557 5671 
5101 5203 
2242 5847 
235 1832 
4538 4744 
3294 4202 
3079 5440 
2868 5157 
1076 5752 
5569 5974 
4512 5578 
4175 5704 
5363 5564 
3666 4388 
4027 4055 
267 4205 
4094 4335 
3351 4968 
1803 2517 
1664 4696 
355 3668 
3220 5529 
487 5075 
2014 2788 
693 1564 
401 718 
18 2456 
3241 5796 
1848 4403 
1049 2335 
3901 5608 
176 676 
5882 5928 
3959 5916 
1746 3417 
5495 5850 
4838 5898 
3656 4040 
2917 3385 
4944 5084 
322 3566 
3520 4502 
2104 2774 
3283 5587 
2470 3523 
4095 4781 
5396 5488 
4970 5797 
1526 5303 
1378 3690 
5458 5794 
4488 5969 
5488 5939 
1994 5920 
966 1899 
5572 5675 
3680 4185 
5730 5855 
5813 5966 
154 4777 
5893 5967 
2543 4381 
3598 4026 
945 2914 
4763 5981 
3489 5492 
1465 4177 
5021 5458 
130 745 
3067 4588 
550 3984 
4958 5216 
1612 5624 
2503 4821 
3702 5587 
4778 4836 
4503 4781 
3244 3355 
3244 4163 
1991 2529 
1839 2777 
891 3775 
325 1233 
408 3274 
220 1243 
2507 5630 
4232 4423 
5093 5223 
4064 5698 
421 1002 
5934 5940 
5474 5797 
2331 5781 
2488 5362 
3038 5498 
3207 4150 
5471 5632 
3336 3504 
1434 4745 
5540 5589 
4456 5839 
1862 2139 
2622 3357 
4690 5157 
3391 4273 
3233 4927 
3306 3323 
2308 3797 
5658 5997 
5866 5985 
2484 4640 
2224 3712 
1578 4141 
2657 3666 
3913 4762 
1719 3090 
5919 5935 
4579 5717 
563 4781 
1136 1688 
52 5324 
4649 5852 
83 2835 
4146 5554 
5027 5361 
1707 5522 
1183 3486 
5133 5751 
950 1436 
4211 5951 
646 5662 
1273 1743 
2685 5486 
4745 5996 
3409 5336 
5136 5300 
1538 3804 
1465 2579 
42 5977 
5458 5623 
2394 2512 
5294 5978 
4262 5137 
3479 4676 
4602 4752 
4350 5352 
5463 5502 
1648 3638 
1781 2089 
3649 5829 
1259 4708 
5889 5992 
5853 5911 
4215 4300 
1903 2431 
5841 5987 
4602 4613 
5831 5889 
4546 5835 
3952 5302 
1427 4510 
3416 5384 
2882 3333 
222 3918 
29 1373 
2361 4022 
2157 5203 
2485 5782 
5154 5270 
3373 4494 
3924 5547 
4111 4740 
3751 4810 
2139 3007 
3254 5075 
4083 4208 
1793 2338 
918 4023 
5881 5923 
3924 5041 
1894 2354 
2510 4052 
2748 2862 
3651 3666 
347 603 
1102 2543 
641 3472 
4607 5125 
493 4409 
4875 5211 
1918 3948 
848 2576 
5699 5767 
4498 5963 
5293 5565 
3917 5185 
1872 3615 
1039 1356 
812 3371 
483 2382 
1198 4407 
463 4980 
1489 3618 
983 3693 
209 2299 
1396 5459 
3295 5283 
1729 4538 
5207 5723 
3664 5584 
2348 4211 
1259 4548 
1754 2663 
2287 4147 
2939 4182 
2680 4500 
2237 5907 
4050 5782 
1993 4346 
426 4686 
1429 3011 
2506 3047 
4394 5461 
4168 5188 
5654 5725 
2438 3166 
751 4175 
2894 3608 
1287 1881 
5767 5868 
5700 5719 
3895 4648 
3532 3675 
750 1410 
2658 4985 
4929 5288 
2610 3156 
128 5776 
2938 5867 
5981 5997 
5904 5908 
3790 5660 
1154 4645 
5247 5273 
1591 4860 
1886 5978 
767 2476 
1819 5144 
685 5609 
717 3604 
1062 5823 
2418 4479 
5316 5644 
4005 5501 
3388 4418 
2157 2498 
337 1667 
874 1900 
2103 3656 
4065 4122 
5727 5792 
5795 5978 
3185 4893 
4745 5459 
1815 1933 
1394 2489 
4500 4700 
4308 4376 
1378 4241 
322 4432 
109 4425 
3254 3311 
4529 5867 
2931 3282 
1228 1275 
1495 2929 
2099 2911 
63 2439 
5463 5951 
469 3849 
1768 5309 
4132 5634 
1873 3427 
5457 5747 
975 3453 
250 3316 
2130 4379 
1492 4991 
4678 4776 
5984 6000 
2843 3461 
5868 5882 
2997 5244 
1973 3715 
1238 3956 
2877 5898 
3779 4991 
4449 5051 
1905 3302 
4529 5902 
3901 4205 
1512 3049 
2176 3847 
2022 4048 
3292 4537 
5124 5302 
2615 3221 
4127 4730 
1316 4395 
3223 5363 
2655 3730 
4507 5066 
3669 5763 
4695 4865 
5386 5912 
3649 5624 
3162 3557 
4057 5934 
2823 4939 
2506 4121 
4552 5034 
631 3802 
3963 4699 
3096 4944 
4933 4955 
3103 4719 
3835 5973 
5930 5984 
1762 1847 
1041 1701 
2040 4770 
5728 5946 
49 5312 
2268 3248 
4206 4476 
491 2322 
4243 4312 
206 1692 
125 3869 
684 1345 
5496 5894 
2883 2941 
5450 5845 
819 4393 
5360 5885 
3937 4770 
3469 5653 
1337 2626 
2038 5201 
170 2125 
2958 3044 
1314 2830 
1668 4850 
1087 3634 
4074 4481 
4287 5927 
4212 4868 
1425 4759 
5055 5413 
4298 4420 
5567 5724 
1872 5692 
810 3127 
1399 4117 
1316 2934 
1690 4206 
1240 2111 
1457 3820 
2471 2762 
5776 5827 
4878 5620 
2934 5452 
3610 3825 
1728 3513 
155 5555 
643 5840 
1247 3222 
1418 5714 
1382 4278 
1927 2550 
4881 5335 
3515 4395 
1364 5226 
5605 5900 
2694 4668 
930 4625 
540 3254 
1082 1549 
1528 2965 
5400 5616 
5051 5145 
3154 3861 
5309 5342 
3928 4244 
977 3869 
5698 5786 
1661 2151 
4658 5546 
5820 5824 
2751 4331 
1028 1315 
562 666 
4284 4396 
3871 5058 
1083 5871 
4644 4896 
1583 2650 
705 768 
1120 4918 
2061 4922 
4152 4581 
5008 5064 
5968 5985 
1965 2579 
213 2230 
3166 5128 
2896 4032 
1236 3203 
1523 5592 
3612 5385 
4371 4457 
3614 4298 
5806 5943 
1625 5269 
4705 5359 
4096 5390 
4404 5678 
4594 5208 
1184 4168 
2447 3490 
2687 3723 
214 3379 
4638 5143 
3072 3973 
2070 5955 
5959 5988 
3985 5616 
505 1264 
3091 3374 
4621 5346 
3446 4491 
4229 5821 
3401 4829 
3568 5974 
2068 4222 
4328 4758 
186 4865 
627 2723 
5562 5981 
768 1412 
762 909 
1327 5755 
1207 4224 
2023 4491 
5732 5845 
5001 5610 
2479 2829 
1024 4360 
5435 5885 
3774 4769 
4364 5233 
647 2714 
576 4558 
2259 2599 
3292 4457 
6000 6000 
655 2083 
691 4864 
311 3585 
3206 5892 
1819 2208 
414 5362 
1828 5133 
4003 4254 
3307 5539 
2303 4486 
4765 5181 
2558 3966 
2195 5989 
3661 5718 
3224 5064 
845 4775 
2651 5904 
2766 3423 
5432 5998 
4081 4393 
2847 4235 
2279 5840 
180 1568 
4389 5985 
4276 5394 
3859 4512 
2947 5807 
462 5190 
5880 5924 
2935 5647 
2991 3675 
5862 5902 
5229 5271 
3761 5998 
4683 5511 
3401 5914 
1443 5152 
1765 3504 
4549 5332 
4244 5665 
1177 3346 
1522 4143 
4777 5035 
4543 5740 
1037 1441 
1916 4687 
2997 5848 
1771 2247 
2648 2985 
1151 4203 
1865 4305 
3746 5611 
2149 2656 
4282 4720 
4903 5976 
1981 5603 
294 5490 
2082 4911 
4602 4672 
951 3758 
5911 5921 
487 5877 
5604 5877 
5185 5857 
2089 4371 
3476 4410 
1881 2116 
2395 5154 
4964 5608 
1940 3995 
966 3102 
5375 5512 
5397 5556 
4532 5939 
2680 5134 
1315 2973 
4243 4733 
4622 5437 
4257 5744 
4637 4766 
3210 3952 
1667 3171 
3537 5824 
1761 3830 
2146 5890 
3770 4514 
2460 5974 
1499 4620 
1128 1929 
5896 5952 
4197 5328 
1699 5454 
2195 5601 
594 1302 
51 4041 
105 5982 
4883 4891 
4403 5683 
3615 4926 
5667 5720 
179 3978 
1088 5828 
2894 4287 
5908 5932 
1719 4064 
5057 5226 
4257 4797 
1262 4146 
5883 5950 
125 5799 
2743 4487 
5345 5902 
24 5884 
657 2518 
1224 2937 
4487 5247 
4465 4519 
5145 5502 
3063 4940 
4021 5496 
2976 5395 
5482 5814 
2665 3784 
4523 5060 
1331 1983 
4628 5672 
1493 2969 
4437 5489 
4773 5802 
513 5543 
4686 5566 
5891 5944 
4933 5218 
5226 5452 
630 1839 
3277 3784 
5644 5786 
2950 5509 
2122 5845 
167 3339 
269 807 
5968 5970 
1611 5247 
398 1599 
361 1355 
5511 5636 
1580 2337 
2398 5193 
1768 4832 
5775 5798 
307 4512 
2578 3143 
2670 5658 
157 3696 
2185 2635 
4144 5919 
902 4161 
5361 5556 
3497 5326 
420 1759 
3534 4367 
1217 5491 
4032 4038 
4273 5735 
5998 5998 
2204 5868 
3878 4960 
2107 3718 
212 329 
3632 4242 
1975 5843 
2111 5742 
4543 5340 
3146 3618 
4996 5222 
1292 2552 
592 3000 
3507 4607 
3587 5459 
4248 5270 
2773 5159 
2178 2575 
5049 5335 
1073 5878 
5012 5226 
4340 4356 
1607 5559 
4830 5406 
5210 5716 
5586 5815 
607 4321 
4778 4872 
5219 5325 
3812 5857 
1666 2123 
1645 4027 
3537 4559 
3874 4418 
4590 5173 
789 3955 
1784 3727 
5100 5544 
4278 5513 
1002 4548 
1651 5203 
3935 5147 
4936 5555 
1265 1966 
4072 5133 
67 3798 
5149 5299 
4638 5055 
3189 5386 
4886 5222 
3180 4562 
2191 5352 
4940 5939 
2305 3062 
1403 3603 
5091 5554 
4627 5671 
5396 5906 
591 5108 
5540 5672 
3245 5891 
2344 5618 
4171 5836 
1211 4740 
4268 5942 
926 4679 
2323 4845 
3383 5383 
2391 5545 
2636 3332 
1430 2385 
5124 5977 
68 4060 
1068 5899 
2465 5256 
5482 5760 
3833 5460 
5094 5378 
4324 4593 
1089 4275 
273 5325 
3621 5309 
2502 4815 
1057 3558 
1532 5984 
3283 3847 
4952 5329 
5282 5946 
5366 5714 
1832 3557 
4670 4812 
2031 5788 
3010 5928 
5449 5809 
4963 5458 
1936 2155 
4408 4945 
1379 3423 
3631 5029 
5207 5306 
4089 5294 
1940 2869 
4111 5553 
1935 2322 
4919 5519 
5777 5967 
1499 4145 
1826 1904 
1052 5412 
190 5305 
18 76 
5990 6000 
1890 2672 
5395 5450 
82 5990 
2717 5604 
4567 4657 
839 4108 
2602 3923 
607 3873 
2205 2585 
2368 4818 
5306 5484 
4794 5583 
1331 4515 
2765 5738 
5263 5854 
766 2080 
1060 3257 
4039 4565 
4722 4995 
1214 3827 
883 5321 
4560 5670 
2400 4124 
2802 3622 
4039 5511 
4276 4681 
3623 5141 
825 914 
950 2232 
3903 5928 
5614 5618 
2477 2486 
3237 5879 
2162 3773 
1792 3946 
3110 3896 
1895 2124 
1114 2654 
2851 4331 
5998 5999 
3367 3386 
1273 1897 
3092 4663 
5495 5858 
2466 5731 
5947 5967 
4565 4778 
3966 5299 
892 997 
4526 4605 
5205 5634 
483 2905 
5537 5971 
2251 2766 
3790 5220 
1907 4595 
2397 3572 
2176 4314 
1498 2171 
2206 5245 
5680 5957 
3479 4151 
77 2515 
1696 5309 
3022 3415 
3140 5255 
3755 4159 
1189 2485 
888 3155 
2068 2710 
2154 2799 
5371 5693 
3503 3693 
1414 5061 
3510 3552 
5647 5726 
5446 5792 
4697 5944 
5823 5974 
1358 2385 
4092 4905 
2373 2608 
1260 1731 
2136 2652 
4124 5736 
2289 5342 
5195 5683 
5827 5865 
4506 4805 
5292 5366 
5600 5971 
5221 5439 
3062 3282 
3100 4102 
3206 5095 
1276 5361 
5885 5943 
4673 4936 
3590 5533 
1162 2731 
2423 4127 
1771 2414 
694 2657 
5149 5995 
3834 4218 
4966 5929 
1853 5799 
1063 2600 
4955 5682 
2233 3105 
5014 5514 
5057 5144 
3383 3773 
3241 4066 
2428 4236 
955 1770 
592 3144 
2191 2423 
4310 4910 
5554 5877 
5206 5828 
4798 5015 
3203 5347 
3728 5160 
4226 5690 
3378 4425 
2426 3198 
1424 3451 
1510 4014 
4261 4788 
5721 5846 
4595 5579 
1883 5793 
4871 5422 
3381 5453 
331 1071 
1923 4862 
1444 5367 
2330 3478 
982 2117 
5668 5846 
4254 4880 
4271 5575 
2262 2697 
2248 5934 
5001 5589 
3310 5467 
2804 3039 
106 5337 
4638 4986 
3939 4684 
2734 3816 
663 5950 
1232 4661 
2408 2761 
368 2325 
3712 5016 
5746 5894 
3811 5572 
880 1703 
1807 5166 
5321 5923 
2428 3652 
5530 5586 
3925 5185 
3209 3874 
4495 5317 
3973 5936 
1450 2535 
5062 5093 
1327 2846 
4280 4393 
3502 4420 
3226 4776 
1295 2007 
1142 2319 
2850 4701 
4171 5906 
4478 5810 
3391 4368 
3159 5378 
5262 5772 
660 2693 
3345 5489 
98 5402 
4139 4246 
4882 5243 
3656 4642 
756 4847 
3310 4697 
1570 1923 
5275 5764 
443 4930 
5341 5403 
4220 4821 
3796 5469 
1973 3262 
692 5478 
964 3880 
4038 4911 
5198 5792 
5376 5496 
4605 5367 
4634 5800 
207 1065 
1611 4927 
3737 4372 
944 5396 
2772 3193 
2795 5898 
4308 5079 
1759 5854 
3957 5199 
2494 3172 
4201 4711 
5476 5500 
2053 2793 
1565 1765 
5312 5659 
4630 4951 
1148 4693 
3123 4795 
1496 4796 
1545 4693 
818 1660 
2583 3371 
156 298 
5650 5787 
3356 4637 
4354 5003 
2706 5622 
2570 4390 
3985 5947 
4222 4728 
2195 2342 
3210 5787 
5243 5496 
2122 4226 
4052 5313 
