1000 500 
884 997 
681 699 
643 719 
661 753 
627 652 
707 918 
242 291 
170 803 
925 996 
333 624 
796 918 
310 413 
446 629 
920 937 
126 642 
570 937 
693 800 
459 706 
405 749 
844 866 
720 774 
632 934 
993 995 
828 901 
855 928 
594 665 
165 449 
130 252 
108 327 
964 994 
416 519 
741 986 
576 876 
319 340 
797 914 
241 698 
540 869 
237 532 
474 900 
21 266 
68 670 
772 804 
167 961 
278 305 
624 894 
770 806 
913 915 
91 970 
421 937 
410 899 
532 590 
786 831 
702 794 
371 644 
90 299 
662 783 
838 933 
970 978 
876 944 
583 977 
941 968 
321 534 
82 278 
609 755 
920 950 
821 829 
929 992 
823 898 
535 644 
616 926 
118 982 
85 965 
29 636 
167 971 
642 992 
604 791 
875 921 
339 931 
91 570 
186 247 
179 621 
562 682 
8 724 
618 915 
163 574 
202 943 
27 100 
887 923 
799 945 
80 693 
877 953 
225 429 
274 354 
764 778 
637 883 
280 469 
181 801 
434 701 
140 519 
805 944 
453 749 
715 826 
947 988 
490 861 
565 745 
135 410 
27 500 
131 913 
479 996 
680 732 
273 941 
565 940 
431 640 
508 721 
283 646 
934 953 
296 987 
733 823 
66 161 
724 912 
311 577 
886 938 
735 913 
314 558 
203 582 
780 957 
207 874 
296 842 
964 968 
320 794 
645 891 
57 435 
760 770 
324 860 
46 713 
477 873 
896 992 
23 945 
384 717 
140 940 
374 848 
232 702 
33 638 
794 805 
495 849 
756 919 
22 174 
112 576 
179 782 
526 846 
978 982 
311 566 
396 997 
494 970 
164 477 
749 777 
721 984 
196 486 
381 954 
667 775 
508 740 
282 971 
354 826 
789 838 
546 771 
950 955 
770 934 
334 419 
306 519 
35 280 
861 958 
58 868 
916 993 
441 470 
746 933 
592 924 
561 668 
597 995 
482 905 
902 903 
807 915 
72 563 
683 944 
268 593 
421 447 
643 737 
506 975 
100 488 
752 971 
345 988 
389 810 
57 717 
29 852 
823 908 
803 836 
246 493 
925 959 
804 891 
18 894 
178 428 
313 565 
288 594 
832 996 
8 978 
281 738 
171 624 
923 945 
950 969 
831 951 
823 830 
947 951 
357 927 
439 935 
836 859 
52 144 
645 759 
267 771 
148 810 
248 679 
160 315 
178 301 
848 963 
620 706 
834 960 
904 966 
466 558 
318 811 
733 942 
635 889 
874 901 
403 720 
773 927 
963 994 
541 547 
546 983 
768 947 
722 723 
549 666 
853 976 
746 845 
702 878 
663 800 
114 785 
418 960 
556 973 
401 411 
863 879 
552 814 
331 718 
313 576 
506 655 
723 864 
973 993 
572 587 
803 965 
292 656 
817 857 
837 857 
558 858 
700 934 
440 798 
802 937 
166 175 
209 388 
254 1000 
256 722 
558 744 
514 581 
241 622 
320 627 
663 908 
790 841 
129 195 
54 232 
199 470 
152 651 
914 993 
289 948 
752 770 
502 909 
206 765 
802 929 
353 490 
474 513 
87 174 
345 586 
27 292 
337 428 
585 740 
470 726 
241 652 
648 921 
469 871 
658 822 
423 968 
586 920 
190 466 
250 410 
810 980 
806 835 
627 795 
562 753 
916 919 
990 991 
838 999 
271 286 
747 960 
566 625 
762 801 
229 716 
51 620 
100 417 
706 786 
31 894 
422 733 
297 339 
303 769 
209 210 
846 952 
32 318 
676 769 
307 916 
731 771 
696 770 
409 749 
3 630 
853 872 
846 961 
28 159 
12 276 
201 846 
884 946 
450 520 
910 960 
153 494 
881 934 
880 999 
671 696 
90 458 
665 790 
155 688 
829 958 
225 780 
607 658 
518 562 
691 752 
446 895 
27 607 
274 336 
127 556 
636 679 
365 923 
309 912 
661 885 
697 957 
577 786 
628 705 
331 621 
381 548 
559 683 
661 747 
404 536 
376 896 
242 540 
659 706 
420 595 
813 925 
433 678 
688 747 
116 858 
367 827 
238 623 
541 628 
596 973 
779 799 
381 717 
424 809 
877 979 
817 834 
578 967 
164 344 
534 550 
655 717 
937 941 
191 634 
493 690 
227 785 
486 957 
773 849 
799 917 
174 656 
466 805 
685 849 
136 755 
954 966 
711 819 
798 806 
248 704 
672 753 
865 865 
895 926 
226 747 
727 834 
309 482 
155 659 
623 925 
725 858 
486 737 
481 626 
794 822 
730 863 
200 851 
24 819 
745 774 
537 591 
180 394 
229 574 
402 965 
452 809 
357 509 
619 859 
127 818 
789 889 
711 801 
254 666 
473 954 
75 123 
78 228 
616 753 
528 550 
97 706 
624 801 
728 745 
511 848 
653 731 
960 985 
901 929 
247 549 
351 771 
536 873 
558 814 
317 812 
27 172 
907 959 
823 958 
916 994 
665 929 
395 468 
512 882 
330 852 
333 503 
750 873 
13 197 
151 973 
101 364 
883 969 
155 182 
449 763 
630 792 
618 976 
890 939 
700 871 
369 760 
814 870 
970 991 
399 563 
734 964 
333 527 
712 870 
21 380 
224 468 
7 996 
293 783 
833 909 
977 987 
812 940 
444 610 
553 663 
520 708 
146 749 
861 948 
290 986 
934 993 
437 859 
729 882 
418 453 
687 995 
264 618 
356 913 
216 678 
460 461 
879 893 
666 817 
264 358 
738 933 
147 462 
733 932 
410 598 
206 416 
276 872 
