7000 5000 
5858 6266 
5979 6808 
4113 5573 
379 4372 
1957 6609 
5381 5633 
2722 5031 
3221 5619 
6739 6903 
4706 6974 
3096 6226 
405 6147 
4298 4491 
3523 3660 
5542 6740 
2697 2720 
2562 3499 
5516 6761 
1631 5534 
4624 4672 
694 4030 
1499 3290 
2078 6636 
4571 4692 
3040 4683 
843 3280 
5307 6736 
3561 6631 
3329 4118 
4034 6234 
858 5658 
1124 4685 
6604 6727 
2906 4069 
3450 4493 
3644 6336 
1704 4488 
5480 6846 
1035 6437 
4312 4428 
4199 5449 
5629 5872 
2385 5673 
4306 6137 
16 1148 
2995 4874 
5308 6650 
2821 2893 
5778 6720 
2941 4157 
1483 3219 
839 1180 
3415 6241 
5842 5863 
3205 3959 
6285 6719 
900 4951 
2265 4833 
6857 6988 
4796 5932 
6549 6589 
5362 5887 
101 6125 
3597 4445 
1593 5611 
3157 3535 
4189 4917 
687 3175 
2572 6545 
6132 6134 
604 6588 
300 4711 
3834 5096 
2225 5935 
212 4659 
5204 6280 
4585 5944 
1300 1472 
6531 6728 
2755 6542 
6688 6822 
515 4877 
3627 6198 
3390 6384 
2671 6427 
4475 5111 
6789 6979 
2784 5021 
246 2106 
3864 6675 
3126 3934 
1414 6927 
2818 2970 
5893 6422 
5888 5913 
5610 5819 
4860 6223 
1790 4350 
4513 6761 
1213 1956 
5612 5987 
5099 5786 
76 3549 
2412 6950 
3730 6441 
2986 3034 
1849 1878 
6270 6674 
1121 6959 
4793 6951 
328 6008 
1896 3208 
1128 6882 
2411 4328 
2031 6465 
1697 3883 
3523 3773 
2826 4508 
2837 6197 
2513 5277 
2482 6983 
114 3896 
5890 6658 
4836 6607 
5461 5794 
4023 4291 
4741 4849 
223 6286 
2528 6251 
3886 4683 
4354 6998 
5223 6072 
272 5958 
6678 6758 
726 6207 
2524 3678 
6777 6958 
14 870 
2323 3385 
5815 6915 
4225 4829 
6935 6940 
1907 6529 
4205 5213 
4634 4753 
1231 4050 
587 5039 
5684 6507 
2084 2195 
6414 6785 
240 2947 
6499 6866 
5395 6458 
6749 6844 
4689 6011 
6842 6923 
419 5374 
6514 6660 
416 3183 
4118 4661 
6125 6755 
6687 6874 
5926 6060 
142 2490 
1696 3527 
6075 6702 
5769 6248 
2818 5460 
6597 6779 
1764 6862 
3533 5324 
1971 5590 
1367 2181 
4967 6941 
3480 4342 
654 4335 
759 3659 
304 4846 
1855 3574 
5080 5452 
3374 4624 
3358 6757 
2942 4314 
3345 6708 
2832 4163 
3281 4154 
3230 5753 
2301 2556 
1162 2037 
2732 3559 
672 3742 
4587 5633 
2324 3220 
2096 6262 
938 3497 
1767 6137 
6252 6556 
1176 1765 
526 5237 
803 6037 
2898 4395 
109 1122 
1687 4484 
6021 6568 
5660 6200 
5638 6303 
5397 5426 
4504 6554 
2030 4543 
6120 6960 
2885 3148 
3959 5087 
737 3757 
6202 6465 
1655 2455 
6838 6861 
3108 5796 
5215 5325 
6186 6316 
4509 5668 
6252 6726 
5606 5959 
5434 6710 
647 1658 
3256 4051 
2691 6560 
1603 4246 
2000 3281 
4560 6166 
6184 6495 
1395 6367 
3497 3600 
4024 4568 
1168 6661 
6476 6577 
3661 6679 
1350 4660 
1605 6058 
643 2231 
4729 6716 
413 1878 
562 799 
6891 6946 
466 5408 
496 1156 
4379 4800 
4308 5227 
6486 6520 
1317 5761 
815 6423 
5486 6635 
3291 5090 
1104 2934 
5061 6844 
5850 6085 
2838 5832 
4172 5680 
4823 5611 
6283 6327 
1509 3777 
3706 4565 
2952 5295 
2210 3408 
167 2874 
694 2688 
2629 6696 
768 5192 
2035 3584 
4576 5834 
4263 6692 
2140 5301 
3728 5585 
6037 6714 
1762 2579 
2825 6224 
1294 5246 
4157 6811 
3494 4917 
5345 5855 
475 5573 
6235 6308 
3592 6870 
6953 6957 
5764 5826 
5047 5066 
2173 5799 
3925 5913 
3153 5145 
345 5145 
6094 6670 
5387 5628 
6160 6705 
2438 5725 
4551 6640 
5237 5492 
2918 3764 
62 6804 
5146 6595 
2071 2948 
5771 5834 
5882 6890 
6021 6519 
3215 6510 
6488 6706 
2876 3272 
6343 6558 
5028 5729 
5033 6016 
1568 2249 
2635 6103 
6026 6772 
4384 4658 
212 873 
5800 6995 
6650 6712 
532 5171 
592 5865 
4649 5149 
3919 5877 
5983 6662 
6494 6656 
3798 4366 
1775 3338 
5034 6553 
2132 4019 
1158 2566 
459 4967 
3232 5130 
1114 5542 
3911 4546 
3519 6795 
1932 3165 
5409 6981 
1760 2957 
4334 6684 
1554 6568 
3714 6004 
6254 6865 
35 1819 
4104 5129 
4102 5071 
6795 6806 
2113 5941 
6065 6324 
6832 6946 
3806 6516 
2882 6283 
3627 6974 
1199 3844 
6649 6999 
6028 6433 
6265 6695 
5205 5818 
1438 5104 
3830 6479 
3223 4294 
2741 3387 
1360 4940 
1760 5789 
2743 6484 
6945 6984 
770 2681 
2153 4767 
1825 4669 
3942 6527 
5922 5946 
869 4242 
4073 6444 
5211 5714 
450 4738 
968 5986 
2912 4260 
6560 6574 
4111 4723 
1262 1809 
6274 6906 
4028 6922 
181 4864 
6574 6986 
4810 5946 
4802 5775 
4627 5310 
1108 2107 
5023 5356 
184 2043 
5365 6021 
936 3095 
1773 4532 
5025 6675 
3404 5344 
4635 5142 
4996 5044 
6852 6972 
2270 3178 
1361 2061 
2572 3322 
6769 6784 
3954 3966 
6223 6342 
872 4259 
3479 5550 
6935 6976 
3907 6868 
6521 6582 
3854 3954 
5156 6720 
5302 6917 
1603 2946 
2354 3450 
1890 2136 
4335 6640 
4198 5757 
6610 6656 
2615 3887 
803 5900 
6468 6575 
2469 4679 
3753 4414 
226 3449 
4219 6816 
1443 4641 
6071 6862 
5521 6983 
5654 6397 
2262 2763 
1108 6275 
4478 5675 
5767 6226 
4627 6393 
5557 5625 
1783 4290 
3113 5327 
5326 5936 
519 3810 
5496 5855 
2270 4181 
6560 6734 
1699 4206 
3749 6422 
19 1450 
6890 6986 
3064 4601 
2069 2355 
2938 3175 
3058 4574 
3088 5553 
1443 2041 
3123 3653 
3825 6317 
6910 6940 
4647 6014 
5318 6016 
5665 6689 
5134 6570 
6603 6682 
1316 5080 
6641 6699 
3284 5383 
6679 6848 
3439 5929 
3493 3594 
2976 3671 
2192 4320 
3635 4191 
6008 6353 
3627 5263 
5203 6136 
3838 5478 
6855 6931 
797 4413 
2967 3590 
49 5946 
4775 6382 
3411 6830 
6774 6790 
3663 5085 
6896 6910 
6676 6940 
2981 6559 
5850 6136 
4324 6230 
5517 5551 
1663 5642 
5316 6783 
1848 4461 
3422 4957 
5287 5383 
6536 6951 
3342 3553 
5009 5691 
798 2555 
5362 5548 
946 5166 
4425 6870 
3470 6590 
3555 6432 
3260 4005 
3514 3755 
1313 2512 
3527 4630 
3511 6853 
3999 5023 
2272 6076 
2100 3550 
6342 6623 
6587 6906 
6080 6631 
2044 5742 
5132 6727 
4960 5379 
2658 4229 
6274 6420 
3613 4897 
2653 4485 
5651 5994 
5846 6328 
3367 3758 
2502 5549 
1863 6650 
4520 6784 
5790 6663 
4421 4983 
5735 6579 
334 5135 
6929 6954 
5448 6494 
2696 6723 
622 863 
6520 6578 
5728 5837 
4395 6573 
5894 6078 
3385 3680 
1675 6524 
1471 4698 
681 5055 
6287 6485 
1249 5267 
4781 6129 
1915 2108 
6116 6375 
6541 6991 
221 3251 
2371 3543 
3703 4287 
72 2254 
4771 6666 
963 5057 
5920 6195 
4001 4007 
1175 6154 
6505 6690 
1357 2075 
2426 2723 
4919 6791 
5715 6721 
6114 6802 
18 6194 
4026 6795 
3339 6557 
949 4290 
5974 6151 
1920 3835 
6136 6287 
1759 6433 
2878 5081 
4854 6028 
1303 3395 
947 4229 
3362 6654 
1040 6229 
508 3232 
492 1730 
4297 4500 
780 2096 
390 1659 
916 2571 
6015 6860 
4493 4916 
5306 5695 
349 3661 
2925 3134 
6371 6664 
5005 5363 
3137 3533 
1458 3597 
769 5234 
6799 6955 
6516 6845 
149 1875 
3165 4133 
2613 5502 
1963 4133 
1993 4090 
2566 6578 
1630 3801 
5587 6997 
5729 6950 
4334 5894 
6912 6952 
1152 5348 
1004 4177 
5028 5182 
1846 6218 
1471 3096 
3108 3832 
199 2280 
713 3498 
5412 6682 
6646 6802 
6457 6485 
3021 5268 
1933 6792 
3796 4013 
80 6422 
43 6463 
1997 3514 
4386 6835 
5197 5955 
510 1421 
788 6443 
4286 6571 
6102 6705 
6716 6922 
2392 3670 
783 1738 
6855 6872 
752 4190 
4029 5116 
5991 6173 
1197 6151 
187 4938 
2865 3175 
6772 6887 
6139 6827 
398 1851 
4546 5308 
2164 3874 
5023 6733 
1005 1481 
5967 6520 
4659 5727 
2238 2677 
1172 1908 
4828 6368 
3734 6000 
3551 5505 
4683 5023 
1862 4703 
6761 6935 
1876 5784 
114 3917 
4584 5981 
1353 5278 
3066 6900 
3262 3337 
4918 6886 
5573 6595 
1477 5611 
5775 5830 
1494 3907 
2103 6736 
5218 6611 
2292 5771 
5832 5987 
2138 4936 
2473 4329 
726 3836 
5731 6961 
6422 6768 
96 3105 
5749 6468 
1226 4102 
1361 6123 
4732 6730 
52 3456 
6175 6452 
723 1125 
3678 6072 
4329 5980 
465 1792 
5283 5723 
6790 6999 
1862 3441 
4665 6213 
5027 5686 
2490 3889 
3060 6968 
2568 4936 
5308 6180 
6818 6833 
6371 6804 
1425 1842 
2456 6624 
4513 5628 
4650 6776 
3722 5918 
2837 6925 
771 3705 
5113 5944 
4011 4522 
4548 6180 
2268 5828 
4417 6468 
6185 6666 
4105 6713 
3594 6100 
5631 5809 
925 3272 
1040 4612 
780 2621 
6880 6963 
1922 3367 
6268 6370 
2246 5561 
1338 4658 
3339 6567 
6294 6822 
5581 6778 
64 5248 
3229 5775 
4980 5313 
440 4126 
137 4058 
5871 5909 
2217 3516 
6536 6816 
4195 6831 
4683 5939 
3165 4601 
3973 6833 
1972 3904 
4401 4671 
2259 4829 
685 3779 
6269 6667 
1622 2269 
3182 6906 
90 1682 
2732 4452 
1701 5694 
2707 6507 
6675 6953 
6609 6892 
996 1058 
5873 6314 
5688 6341 
2200 3199 
5236 5617 
56 2998 
2604 4697 
6542 6950 
3759 5213 
4621 4776 
2884 4584 
3828 5575 
5848 6212 
4896 6802 
1801 4601 
779 5478 
6013 6110 
3398 6051 
6362 6586 
6262 6930 
6337 6569 
6985 7000 
6596 6825 
841 2186 
904 6294 
2593 6237 
4009 5282 
6497 6604 
6131 6814 
969 2238 
6480 6761 
6042 6700 
5697 6602 
1372 4988 
6908 6942 
1516 5893 
3902 6167 
1475 2410 
3139 6320 
1923 4771 
1395 2643 
4268 4923 
6749 6895 
6405 6609 
3480 4665 
1287 3038 
573 5556 
3424 4674 
5076 6110 
4269 6760 
5132 5856 
772 1766 
6449 6580 
3069 5912 
4836 5512 
4177 4547 
5221 5559 
1117 2565 
6107 6280 
2991 4291 
1324 3032 
4183 4203 
5951 6710 
2965 6786 
3467 5318 
6033 6827 
3192 3589 
2906 5132 
2633 3084 
4525 6086 
4863 5924 
2273 4415 
2725 5859 
1182 1442 
3944 4431 
57 6961 
5628 6376 
5804 6523 
5179 5620 
2646 3647 
6869 6955 
4054 6293 
5768 6332 
3073 5699 
937 1723 
41 961 
5510 6060 
2165 6843 
3881 5664 
5885 6892 
5259 6679 
6109 6447 
6253 6868 
4878 5585 
2646 5932 
1661 4276 
5264 5948 
5618 6545 
3403 6775 
2396 2538 
5529 6593 
3655 5039 
6302 6323 
5424 6795 
797 2047 
1470 3069 
3591 6768 
4700 4835 
6753 6969 
3256 5521 
6960 6999 
2744 6577 
3749 3903 
370 6681 
1384 4117 
1609 3179 
3053 6239 
5282 5863 
6863 6936 
4896 5393 
2084 4403 
6178 6316 
841 2253 
336 3553 
1857 5985 
4743 5263 
1857 2321 
5570 5892 
6505 6962 
632 6499 
1886 3403 
2244 5485 
1158 1379 
4735 5581 
2753 4361 
1055 5675 
4763 6686 
802 2975 
3125 6255 
1248 4607 
2081 4204 
2753 6457 
3116 5384 
1085 6107 
6390 6719 
596 5313 
3094 5885 
6763 6871 
5553 5906 
1290 4557 
1148 4365 
976 1244 
5415 6642 
1647 6865 
4035 6255 
1794 5596 
34 1397 
6922 6972 
5738 6079 
1735 6913 
3287 4360 
2757 4899 
319 3102 
2251 5463 
1180 1308 
1948 5082 
2423 2769 
5938 6297 
4201 4358 
2061 5989 
2983 4068 
4044 6570 
5808 5901 
730 1663 
5817 6118 
2301 4984 
5555 5600 
1845 3621 
2179 2422 
6774 6919 
6526 6819 
786 3509 
4822 4871 
2793 6596 
787 1211 
5994 6732 
5336 6257 
3898 6520 
4191 4438 
3188 5619 
3296 4623 
2508 5143 
4032 4723 
2733 5782 
5208 5747 
636 5097 
3366 6194 
6810 6911 
5589 6562 
192 5154 
2719 5243 
6567 6793 
6911 6923 
487 5217 
6860 6862 
5425 6931 
602 2604 
5382 5441 
1613 1823 
2470 4540 
4219 5837 
4400 5311 
2701 6342 
6278 6599 
3775 5181 
20 2680 
6449 6861 
1252 6860 
5067 5335 
1593 5291 
3333 4986 
3657 6588 
4133 6212 
6638 6991 
2195 2285 
2472 6391 
5163 6127 
325 2665 
5883 6372 
735 4617 
4451 5752 
3005 6995 
4821 6317 
452 4519 
1029 6924 
494 3756 
2898 3910 
1415 4731 
4027 4405 
4758 6642 
5443 6203 
4112 5063 
1144 2339 
6367 6698 
6732 6872 
1708 5544 
5127 6711 
3874 4962 
6798 6882 
2081 2189 
5139 5389 
6080 6403 
837 4656 
5440 6368 
2134 3953 
583 1860 
5737 5924 
34 3500 
4540 6635 
5103 6653 
5332 5540 
3512 4202 
2027 4360 
1557 3205 
5787 6020 
4952 6678 
2110 6093 
6153 6246 
5705 6325 
5933 6871 
919 3553 
5337 6815 
57 2921 
1435 2832 
2800 5216 
3023 4537 
4189 5548 
4062 4156 
2916 5081 
1402 4274 
420 1435 
6010 6412 
312 3310 
3789 5306 
308 1207 
1517 4590 
4557 6265 
3313 5291 
481 1346 
2832 5944 
1552 5493 
3242 4341 
1912 1989 
4153 4626 
4108 5160 
6982 6986 
1172 1689 
4918 5676 
1841 4092 
5074 6499 
3566 4256 
1670 4429 
2073 3633 
1139 2742 
3322 5680 
55 5827 
5624 5731 
4344 5370 
238 4707 
237 1642 
2118 3125 
1426 2629 
4992 6324 
1997 4735 
5279 6853 
6737 6844 
3237 4762 
1077 4684 
4572 6297 
6889 6969 
726 3868 
1008 2394 
6614 6939 
3250 4286 
2509 6668 
2896 6022 
2479 6443 
104 1684 
3565 4874 
1456 2342 
6382 6414 
2550 4416 
2019 6265 
1276 6518 
4835 6640 
5564 6247 
835 3778 
6058 6636 
212 1775 
1853 6142 
4323 6800 
1997 3929 
3628 4611 
1631 4261 
629 3275 
3606 5136 
979 6876 
2887 5332 
3753 3863 
5507 6632 
1450 4922 
4100 4377 
4021 5162 
6408 6942 
4732 5464 
2541 5452 
1939 6682 
2680 4255 
5388 5936 
6767 6861 
1286 6642 
3210 5284 
3265 4214 
1758 2756 
6182 6595 
2810 4927 
2754 5916 
6859 6983 
1323 3956 
1536 6290 
700 2331 
306 1673 
6819 6994 
2145 2333 
6041 6878 
5966 6794 
2004 4278 
5426 6684 
5982 6451 
5798 6376 
719 2134 
5269 6365 
3488 5942 
5909 6164 
2006 5131 
6296 6805 
3311 6535 
2579 5567 
145 2158 
2645 5333 
3061 5782 
581 2485 
5164 5454 
2935 6948 
1640 1967 
5459 6494 
1483 6224 
5271 5566 
532 4646 
5055 6896 
1927 2383 
5745 5764 
2049 6984 
3157 6870 
3988 4762 
3980 4969 
2113 4177 
3679 4404 
5129 5476 
5162 6651 
5307 6173 
5067 6522 
5909 6790 
5212 6581 
4814 6413 
3439 5575 
2268 6396 
226 5127 
6237 6249 
6491 6940 
2858 6213 
5359 5384 
518 3105 
2156 2518 
2585 6120 
2303 3311 
6457 6472 
2141 4507 
6306 6709 
79 2224 
5630 6033 
924 1970 
657 4770 
2076 6435 
6192 6908 
130 4245 
1213 4027 
5328 6424 
6843 6896 
3453 4671 
4060 5815 
4169 5608 
5602 6667 
5658 6500 
5597 5788 
2368 5353 
5402 6719 
6970 6988 
6664 6745 
6372 6651 
2701 2933 
183 712 
1979 3733 
6985 6995 
6493 6855 
3300 4297 
4057 4616 
2656 5468 
4136 5683 
3692 5652 
393 6455 
6283 6734 
343 2993 
6960 6994 
4976 6690 
2575 6058 
5122 6962 
1406 4848 
3979 5249 
5011 5107 
4999 6855 
2597 6632 
5146 5610 
3249 6722 
2412 5208 
562 1293 
3823 3847 
3058 5378 
4726 5149 
6444 6550 
539 5673 
344 1500 
173 1998 
2109 6488 
5121 6416 
2333 5376 
5908 6266 
5923 5987 
1945 4887 
5314 6078 
3275 3518 
6962 6972 
5164 5312 
2698 4552 
6614 6786 
3236 6090 
2934 3115 
2716 4905 
6663 6759 
6077 6971 
2976 3150 
1505 3737 
781 5470 
560 1286 
4586 4937 
4579 6629 
565 3910 
2741 4855 
5642 5830 
984 5207 
6052 6393 
2914 3228 
5054 5299 
2005 6176 
4232 5162 
4688 6437 
4427 6001 
1917 6317 
3061 5860 
4866 5402 
221 5149 
1434 6894 
3433 4244 
3812 6762 
586 6323 
6170 6287 
4095 5460 
5530 5908 
2617 6278 
4614 6292 
6542 6571 
85 4560 
1667 2758 
555 2316 
2980 4691 
580 6907 
5948 6720 
4924 5466 
1172 5228 
4770 5488 
603 6017 
4415 5373 
4133 6490 
10 4915 
1051 2662 
4886 5567 
5755 6394 
6001 6713 
2127 5886 
4327 4784 
973 2745 
237 4282 
2400 2786 
5284 5759 
1131 4528 
1894 2837 
3703 5706 
5159 5684 
3527 6620 
5944 6247 
4055 5029 
2840 3020 
4466 5450 
89 5911 
4874 6941 
5935 6534 
1927 5220 
1857 3028 
4316 4849 
6661 6778 
2806 5926 
4733 5430 
4582 5797 
2037 2622 
1982 3255 
2202 2251 
75 3487 
3020 4101 
5172 5329 
5186 5244 
4704 6062 
68 4640 
1113 1351 
1637 3597 
621 3569 
6090 6749 
4381 6637 
4921 5456 
5346 5690 
4476 6764 
1825 3158 
1683 6275 
1920 5941 
3428 6681 
6098 6461 
985 6190 
2181 6973 
1643 3474 
1161 4040 
2049 5078 
601 2086 
4148 4441 
6656 6849 
3427 6560 
3020 4400 
3385 6546 
5621 6168 
5760 6537 
4121 4197 
2888 3775 
2956 6437 
3280 6867 
3240 3270 
5099 6494 
6003 6123 
2850 6545 
4301 5448 
4888 5495 
5096 5217 
2081 5638 
1101 3639 
3567 5237 
5708 6251 
3998 6378 
1676 4498 
2027 6541 
1746 3430 
5310 6805 
5071 6413 
6694 6919 
1200 6499 
5498 6160 
5744 6275 
5813 6554 
2322 5902 
65 6565 
4314 5008 
1880 5532 
3444 6203 
1208 3919 
1178 4721 
3879 5696 
6539 6558 
355 1982 
4522 6243 
6262 6788 
6560 6844 
6713 6808 
6322 6721 
2146 2581 
5694 6742 
5248 5267 
4375 6488 
4761 5982 
2224 4570 
3887 4554 
4406 4727 
2370 3172 
1497 3894 
380 4541 
5223 6750 
5619 6414 
2819 5624 
4816 6266 
4521 5227 
6643 6993 
5296 5887 
5543 5927 
3663 6028 
3220 4336 
2266 4463 
5121 6504 
5602 6504 
4671 6370 
2726 3281 
5826 6554 
3969 4444 
2557 6588 
857 4161 
2490 6762 
4418 4751 
3726 4706 
5237 5504 
2726 6997 
822 6217 
6432 6668 
3224 5914 
416 5611 
3540 5823 
3313 5784 
4062 4759 
5704 6217 
2594 2638 
459 5186 
4557 5104 
4924 6928 
3832 6247 
3188 3487 
3991 4304 
1285 5381 
1354 5392 
5123 5142 
2342 2682 
6580 6892 
6312 6488 
2279 6213 
531 3445 
1844 5212 
120 4434 
2986 3327 
1937 6901 
5268 5811 
6244 6658 
4966 6482 
1356 4737 
3958 6217 
1256 5133 
1882 6451 
4154 4858 
4811 5463 
2211 4879 
4390 6228 
1742 5454 
1076 4375 
2368 4904 
4880 5948 
1161 6349 
3174 6216 
2543 6380 
4148 4829 
2812 4184 
6233 6833 
183 1236 
4084 5622 
5334 6692 
1929 5808 
5488 6058 
567 3592 
3026 4308 
1824 6010 
1929 2073 
4570 4909 
2099 4693 
2179 5529 
1187 5030 
90 3841 
2862 6548 
1365 5179 
1533 3400 
5684 5896 
6348 6463 
4631 5439 
3366 6369 
691 6775 
980 4848 
42 1688 
2358 3863 
4688 6919 
2983 3392 
2583 4590 
6260 6365 
1838 2658 
6243 6611 
4160 5668 
300 1575 
1600 3897 
1601 4127 
2123 2498 
5810 6041 
6466 6523 
6990 6998 
4255 5748 
140 2945 
6396 6555 
2288 5901 
1908 2881 
3042 5283 
519 6200 
2076 3751 
261 2645 
3489 4295 
3532 6161 
2176 6513 
2305 2775 
6691 6694 
6184 6399 
706 4162 
1947 4834 
4500 4956 
2415 5765 
5269 5973 
1036 5044 
2553 2620 
3477 3741 
818 1074 
4577 4957 
1060 5061 
6449 6501 
3383 6359 
2860 5174 
3529 5770 
6126 6640 
1798 5776 
4675 5655 
1495 1573 
2934 6465 
1658 6841 
1064 4242 
1502 6886 
2263 6037 
4933 5359 
3059 5427 
6969 6989 
3077 5750 
6025 6585 
696 872 
6877 6897 
521 3294 
2462 5768 
2273 5179 
808 5546 
515 3797 
3583 6451 
3550 6573 
66 3367 
1742 6556 
6549 6781 
2802 5253 
5553 6586 
2577 2980 
6542 6771 
3955 5702 
288 3006 
339 4297 
5448 6452 
4219 6830 
4164 5894 
6539 6978 
2788 6549 
6260 6765 
1769 3699 
4695 5139 
2178 4248 
1193 6287 
2249 3460 
1898 4442 
4609 5180 
6049 6731 
56 1772 
6245 6648 
741 4138 
970 4727 
5189 6841 
6826 6847 
4116 6066 
3236 6693 
3798 5231 
6057 6661 
5112 6086 
2323 6692 
2819 5566 
4498 6478 
359 6639 
5162 5654 
382 444 
3771 5536 
839 4820 
2919 3483 
3657 4465 
5869 5904 
4411 5215 
4793 6911 
6767 6835 
2398 5958 
6717 6995 
2060 5887 
3094 5236 
4374 6076 
2068 6278 
5909 6702 
1282 4355 
1669 6715 
3658 4577 
5808 6825 
6414 6931 
1859 5458 
4445 6154 
4759 5118 
6890 6948 
606 706 
2968 3080 
3115 5330 
4355 4832 
2161 6991 
2774 6198 
1771 5416 
3569 6196 
6805 6961 
2682 4096 
1853 5215 
6477 6529 
6139 6406 
6244 6742 
4657 5337 
3154 3517 
3098 3777 
1094 2775 
6682 6827 
1864 6963 
5923 6668 
4611 6078 
5872 6090 
4459 5110 
4647 6901 
6418 6896 
3894 6737 
5255 5312 
5847 6920 
1735 3334 
375 4264 
1852 4573 
3934 6701 
2606 3446 
2616 5951 
5125 6994 
4441 6591 
6689 6706 
3484 5775 
2091 3466 
6546 6916 
3541 6646 
5777 6665 
5728 6936 
45 843 
1858 3482 
1533 5325 
5509 6192 
2961 4988 
1812 3486 
5711 6850 
3925 4517 
1117 1429 
1089 4288 
4441 5162 
5225 5518 
1971 2919 
726 1720 
3034 4708 
1659 2433 
2452 5109 
2974 6940 
4593 5674 
2714 4575 
1748 6187 
1528 5295 
1317 3094 
6119 6708 
5401 6646 
3424 4758 
3948 5569 
127 1442 
4531 5017 
2165 3568 
2979 3726 
2643 3783 
2222 4589 
1702 5551 
722 3797 
4574 6704 
3718 4224 
3011 4175 
503 6356 
3218 4042 
4332 5078 
5212 6760 
117 4956 
5137 5552 
1688 4521 
1411 6651 
4969 6411 
1284 6345 
2110 6334 
2759 6354 
2080 5845 
5532 5824 
3247 5806 
3268 3667 
4122 6351 
6162 6299 
2820 5014 
5057 6446 
4868 5166 
5862 6497 
261 5319 
4632 5133 
6163 6931 
1581 6663 
6849 6982 
2114 6058 
6391 6971 
4574 6526 
5882 6491 
6079 6254 
4091 4161 
601 5357 
4817 6293 
1535 4964 
3984 6518 
2573 4190 
474 3310 
4798 6968 
4433 6417 
6624 6648 
4357 5005 
2223 2661 
5064 5805 
4158 4590 
5199 6728 
673 6000 
6279 6403 
2988 5838 
735 3736 
3119 6193 
5657 6266 
2746 4620 
1422 2262 
6593 6671 
5727 6761 
2175 6526 
2575 5293 
6197 6688 
1948 2751 
6838 6879 
6051 6273 
6904 6958 
79 699 
4700 6409 
3121 4454 
5665 6002 
4155 4466 
3304 3430 
2390 5218 
4658 6208 
3379 4915 
362 5504 
1618 5339 
1237 6950 
4069 4383 
231 3422 
229 2044 
2693 6020 
1196 2043 
339 3155 
3390 4042 
3617 5359 
3896 6464 
6089 6956 
4530 6340 
2064 5970 
5371 6316 
6120 6174 
4434 5755 
350 3995 
688 1623 
5367 5564 
4821 5577 
1843 2708 
6501 6776 
6918 6939 
616 5334 
539 2517 
4939 5963 
5157 5535 
1117 4026 
2221 3676 
1337 4742 
1774 4636 
1004 2791 
2938 6096 
6607 6809 
1713 5203 
6594 6953 
2347 2687 
6545 6924 
1497 3299 
4798 5341 
4959 6510 
3034 4744 
1707 1901 
2428 3892 
4460 5145 
94 1452 
3691 5183 
4065 5507 
3700 5692 
5 4477 
926 4204 
6172 6534 
5086 6928 
5407 5496 
6986 6999 
4956 6672 
723 5805 
6453 6626 
4986 5493 
148 2490 
142 5879 
3833 4328 
4714 4842 
1687 3484 
2212 2987 
849 2601 
5301 5726 
6891 6924 
3416 5932 
3171 4520 
6321 6652 
1209 4024 
5303 5729 
3051 3519 
6053 6989 
4313 4897 
5832 6407 
1877 3520 
2066 6604 
1520 5970 
117 1861 
1687 5246 
3859 5049 
1693 6323 
1371 2968 
766 4426 
6644 6906 
4229 6333 
202 6525 
5169 6273 
3567 5643 
4497 6464 
1456 4006 
5779 6579 
1541 1682 
3265 6003 
372 4547 
6435 6737 
2110 5775 
4642 5831 
6513 6850 
292 2018 
3979 4179 
773 808 
6164 6640 
4998 6140 
5210 6792 
4806 5827 
4134 5052 
6701 6945 
5622 6795 
5648 6436 
3454 6631 
4870 5274 
3822 3855 
6180 6732 
262 5159 
4121 4400 
4327 6126 
4532 6101 
581 3991 
988 2951 
2571 5886 
3646 3943 
5748 6059 
2822 6938 
1402 4715 
398 3668 
5816 6528 
5423 5527 
2693 3259 
6308 6904 
6514 6587 
6619 6937 
2054 5053 
4889 5690 
4002 5159 
2756 4672 
3758 6184 
6350 6693 
5473 5833 
2215 3544 
541 1438 
6989 6994 
6757 6989 
3241 6303 
3570 5635 
4250 4425 
739 3054 
2912 5267 
1375 4380 
219 2618 
4410 4930 
3629 6749 
3722 5852 
64 1393 
148 4458 
3990 6565 
3045 3483 
2178 2369 
4251 4990 
987 6369 
4561 5291 
5544 6826 
1260 5205 
3210 5652 
1343 4515 
2582 4361 
3515 5793 
6998 6998 
3899 6835 
2201 4876 
1508 5227 
6171 6929 
2950 6074 
926 4239 
5575 6133 
534 3611 
1206 5154 
324 4833 
4573 4937 
1151 4966 
6012 6132 
2108 3849 
1000 3901 
4627 5957 
5560 5887 
4908 5590 
5753 5899 
3580 5818 
539 4028 
4863 5728 
978 3082 
4866 6061 
5245 5791 
3659 6872 
2063 6218 
3051 4143 
4999 6287 
3884 4756 
6627 6678 
2974 5071 
542 6607 
4078 6154 
5917 6974 
3892 3925 
1781 6827 
1608 5454 
650 6915 
6916 6950 
1441 5850 
2109 3770 
467 4641 
5383 6765 
1831 5610 
4781 6565 
4880 5995 
5762 6900 
2566 6108 
6149 6723 
3871 4436 
6946 6994 
5875 6221 
6438 6975 
2901 3594 
4389 5050 
1657 3620 
5788 5970 
6166 6984 
72 1879 
6567 6907 
4558 6599 
1604 3397 
3465 4227 
2603 6253 
3203 3350 
3598 6968 
3025 6275 
3250 6864 
1677 5526 
4236 5884 
857 4030 
5985 6651 
6041 6229 
2111 2683 
6696 6707 
3257 5419 
4355 4934 
4134 4718 
2009 4482 
5655 6347 
3365 3863 
6841 6937 
4758 5226 
5810 6089 
6443 6627 
314 5877 
3939 4015 
6786 6964 
2283 2990 
4390 5613 
207 321 
1232 3712 
155 4730 
25 5434 
4690 5773 
1698 5681 
4585 6057 
925 5942 
4574 4675 
1165 5345 
385 1006 
713 4017 
6859 6918 
6772 6933 
4397 5671 
2603 5983 
4115 5042 
332 827 
2020 4160 
5545 6085 
1887 2427 
3025 3367 
278 6949 
4155 6517 
4169 4723 
1399 2978 
3281 4276 
6422 6834 
2144 5190 
914 1569 
1623 3446 
2865 4428 
3331 6599 
6269 6609 
6332 6958 
5551 6797 
4057 5451 
3900 4832 
5998 6009 
1090 3209 
5177 6433 
918 6913 
2085 2744 
6790 6957 
475 1155 
2491 3521 
5472 6319 
1905 6502 
4736 4979 
325 5993 
3464 3541 
84 3403 
3376 5863 
3333 3892 
651 5014 
2898 6373 
2706 3389 
5532 6092 
1223 5394 
1515 2048 
3460 4761 
2844 5668 
343 4891 
5505 5938 
3430 5235 
6429 6655 
6657 6895 
2290 6853 
2685 4221 
1694 5477 
5133 5487 
4383 6724 
1973 3522 
296 694 
3589 5931 
4190 4682 
5808 6890 
833 3164 
6633 6896 
392 2108 
6153 6263 
3087 6972 
6610 6665 
763 6846 
768 2202 
1016 2277 
1708 4336 
707 6732 
1217 4221 
1519 6766 
3624 4211 
4972 5703 
1572 5807 
5103 6386 
1724 4990 
6084 6454 
4759 6498 
1733 5238 
1290 2487 
1757 5725 
2798 6556 
1240 6893 
6601 6662 
27 6097 
1535 4508 
1414 6007 
4696 5031 
1760 2130 
2019 5207 
6111 6902 
6969 6986 
5755 5842 
1728 5891 
5240 6948 
1838 5336 
1962 6547 
4922 5248 
2954 6777 
2373 4156 
5093 6153 
208 5199 
53 3055 
3491 5037 
2419 2557 
4937 6639 
3928 4804 
2630 5817 
6049 6652 
4820 5467 
6643 6793 
549 4969 
5271 5314 
6571 6765 
4747 5656 
1326 2687 
6368 6436 
2449 3299 
2389 4870 
2240 5537 
3045 6924 
4354 4560 
3852 3940 
5756 6218 
3226 5034 
3546 6286 
4074 4619 
3347 3610 
5917 6105 
5236 5527 
3556 5408 
1668 1840 
3264 4626 
5659 6723 
4579 6601 
6039 6404 
4746 6820 
3149 3563 
5521 6656 
6291 6417 
1605 4677 
3396 4232 
484 4385 
329 1038 
1730 5487 
6209 6291 
1865 6946 
2859 6678 
3682 3768 
3901 4981 
841 3025 
1823 4825 
268 5649 
801 6981 
62 1965 
4047 6785 
4634 5469 
1352 6641 
6321 6980 
5821 6022 
6438 6571 
3996 6055 
2771 3123 
5461 6746 
6801 6855 
6756 6995 
3836 4643 
3480 5839 
307 6849 
6888 6964 
3059 6688 
6882 6921 
128 6683 
3433 5854 
1494 4922 
2871 3865 
799 6499 
3505 3512 
4308 6251 
3749 4467 
3899 4464 
1143 5458 
5683 6797 
4383 6564 
6772 6953 
4046 5623 
3425 6342 
5663 6706 
6862 6913 
2106 6975 
2541 3981 
4172 4881 
2415 3606 
4902 5700 
6443 6473 
5325 6949 
1426 2750 
6258 6992 
4916 6043 
4797 6524 
4227 6542 
5973 6353 
6530 6966 
2659 5584 
3386 6294 
4464 5683 
18 2144 
2755 6559 
2786 5529 
4770 6715 
5814 6574 
6896 6972 
4551 5950 
6589 6996 
6393 6519 
5942 6339 
1383 5856 
2261 3519 
3132 4940 
75 1342 
4517 5721 
4583 5166 
3489 5030 
4769 6975 
420 2862 
6623 6668 
5431 6611 
3407 5294 
4729 5078 
4300 5967 
5305 5615 
3859 5405 
1845 2096 
3285 4956 
5678 5841 
6653 6743 
2268 6638 
4603 6356 
2546 5491 
1522 5637 
5860 6563 
5762 6392 
1004 2498 
5925 6343 
6466 6941 
3888 6129 
3520 4438 
1416 6934 
2281 4507 
4529 6298 
3227 6337 
6240 6860 
977 1029 
6810 6826 
3340 6413 
1842 6482 
5776 6578 
2130 3572 
5930 6565 
5674 6518 
2576 6852 
342 462 
94 1775 
2100 4300 
1360 5146 
3846 6683 
1826 4400 
4690 4992 
145 1554 
5639 5811 
1584 3012 
2013 5059 
3809 5874 
2168 5764 
5478 6348 
640 4978 
6696 6721 
4724 6786 
2820 3266 
748 2016 
4747 5316 
6612 6840 
1212 2900 
5021 5758 
2408 3964 
5997 6577 
814 4113 
5621 6141 
4025 5871 
6261 6492 
1673 6258 
1519 5287 
6329 6755 
2528 3301 
2079 2313 
106 4488 
6892 6947 
4464 6903 
4721 6764 
1917 4779 
2609 4968 
3226 5296 
3370 5932 
3572 5576 
6261 6331 
5042 6301 
3250 6627 
4612 6742 
2433 2775 
1896 3944 
821 829 
1547 3738 
5004 6770 
1259 5746 
5796 6537 
396 5458 
2764 6317 
1156 6852 
2582 3153 
3375 6194 
6410 6986 
5813 6433 
1511 3891 
6081 6328 
1574 4280 
6636 6798 
1577 4900 
3972 4076 
6355 6520 
6785 6997 
6516 6762 
3250 4070 
4255 4302 
5109 6145 
969 1972 
4852 6382 
4867 4941 
6751 6953 
5422 6402 
4404 6807 
4215 5077 
4698 5316 
4536 5172 
6050 6653 
4749 6141 
2623 4293 
6062 6287 
5791 6794 
6781 6863 
1008 2761 
5531 6147 
3972 3982 
81 2056 
3648 6388 
4308 4322 
5032 5532 
4155 4534 
446 6353 
3123 4761 
5384 6537 
3826 6826 
2129 6714 
4244 4697 
3572 4184 
2434 4279 
2533 4839 
5007 6133 
6077 6631 
67 1274 
4667 6879 
5030 6165 
5403 6110 
6202 6343 
3315 6979 
5998 6410 
289 6247 
4866 5454 
4489 5221 
2110 3940 
6570 6667 
3210 4140 
1353 6469 
3576 3682 
6065 6703 
2376 6161 
2695 5443 
4524 4713 
1582 3358 
4404 4429 
1614 1876 
405 2969 
6049 6385 
1660 5983 
4905 5932 
6241 6651 
4864 5346 
1084 4764 
3266 4559 
5348 5518 
4167 6523 
3568 6770 
3017 6038 
230 1684 
1846 3099 
4202 4313 
2353 5239 
944 4453 
1380 4405 
3025 4225 
380 650 
159 5081 
807 1109 
3087 5348 
5212 5605 
5245 5552 
1779 4753 
5727 5833 
1135 2027 
4357 4895 
3520 6349 
5632 5923 
1117 2242 
3332 4751 
1395 6300 
4720 5013 
5377 6189 
926 4855 
839 6892 
2678 6639 
4751 5028 
879 2508 
4689 5532 
2185 3485 
2425 2656 
1374 5829 
5556 6418 
4141 5987 
6988 7000 
1079 5104 
3558 6302 
6868 6925 
6247 6533 
6641 6895 
1150 6207 
508 6654 
4509 6059 
5654 6127 
3203 3775 
2365 4685 
2226 5230 
4416 6103 
1366 3571 
3763 4912 
3755 5722 
1480 4072 
2025 2298 
6102 6966 
6984 7000 
252 845 
4681 4828 
4429 5786 
3795 4073 
872 6677 
6860 6875 
2217 3294 
2176 4976 
557 2810 
119 3305 
1943 4686 
1491 6064 
5597 6415 
5486 6317 
1854 5022 
1547 6039 
3633 4063 
4518 6662 
5548 5872 
4078 5864 
2412 4458 
754 2981 
2350 3401 
5933 6924 
3271 5039 
682 5666 
4250 6046 
481 5078 
1779 3508 
1626 5219 
2255 6266 
523 854 
3159 6091 
5315 5705 
4696 4969 
2342 6457 
4915 5109 
1530 3387 
2661 3766 
3668 6423 
4345 6333 
3681 6934 
769 3051 
6257 6414 
2202 5105 
4797 5735 
6153 6420 
4145 4839 
3762 4943 
1909 2159 
1473 5940 
2314 5307 
3648 3807 
1339 3048 
6052 6066 
4381 4879 
265 1749 
6508 6821 
2232 4963 
6029 6234 
47 183 
2691 3689 
1622 3616 
2641 3063 
381 3233 
953 1297 
6173 6265 
2595 3753 
566 6235 
2938 3623 
121 1623 
6078 6706 
384 2303 
5474 6057 
6291 6540 
1087 4116 
2800 3381 
4123 6817 
393 3217 
2548 3145 
2097 3464 
1464 6519 
1286 3404 
5240 6749 
3905 6710 
4193 6264 
314 2318 
5912 5930 
1748 4269 
6496 6522 
4301 6974 
6710 6785 
6211 6268 
5051 6315 
631 6907 
2726 4241 
5688 5884 
2855 6335 
3777 5703 
2205 3827 
4197 5835 
1411 5024 
5526 6591 
489 1060 
5964 6910 
5984 6362 
5872 6540 
2633 5323 
2804 4261 
1419 1811 
4168 4230 
4537 4981 
4818 5422 
1782 5620 
3382 3607 
4312 6913 
2752 3656 
883 1302 
2126 3017 
3634 6286 
6575 6632 
360 6789 
4713 4798 
4307 4740 
970 6374 
3146 3405 
3337 5489 
6213 6217 
4695 5603 
3992 6425 
6681 6772 
3731 4758 
1179 4232 
2052 6241 
3776 6377 
3131 6631 
295 1482 
6505 6849 
3286 5730 
3420 6102 
5963 6183 
2396 6521 
6926 6989 
6565 6838 
592 1301 
549 1337 
6278 6736 
5625 6758 
6154 6604 
3419 5623 
4137 6981 
1666 1830 
2862 4747 
6458 6819 
4608 5478 
3305 4613 
6968 6983 
4515 6357 
3897 5936 
3158 6265 
726 3171 
1903 3670 
2092 3789 
583 3889 
3264 5839 
1394 4171 
823 2477 
614 2338 
4285 4595 
475 3489 
6219 6676 
2809 3633 
4788 6374 
3451 6664 
3677 4575 
2063 2213 
3055 4396 
6029 6884 
6324 6756 
1399 3522 
2295 6295 
2591 3727 
3444 3533 
3956 4243 
3397 6677 
159 3912 
1783 5618 
3225 3747 
1405 4392 
2038 6434 
1901 6756 
3507 4266 
182 1805 
418 4280 
4622 5963 
151 5001 
981 4613 
1675 4005 
3354 6902 
5887 6642 
2017 5229 
398 4385 
6758 6816 
4431 5319 
2136 5092 
4068 4801 
3664 5071 
3260 5103 
3604 5274 
6256 6844 
4322 4530 
2070 3634 
2134 6107 
3114 6416 
6797 6873 
5455 6845 
6709 6792 
2278 2716 
4527 6286 
2012 3769 
5072 6776 
6986 6995 
4762 4876 
5391 6927 
2489 5480 
821 2818 
5527 6006 
5586 6584 
5186 5821 
5887 6496 
6092 6715 
2367 5864 
6314 6919 
2588 5164 
5742 6465 
3321 5510 
5683 5995 
502 3404 
2594 2856 
6885 6996 
538 1304 
4431 6790 
778 4290 
1990 5312 
4197 4646 
902 1300 
2684 3492 
4166 6695 
3235 6554 
5895 6453 
5163 6509 
1753 5739 
5474 5808 
2711 6225 
4844 6021 
2122 6395 
2245 3473 
3513 5246 
3407 5107 
2153 6234 
3112 5337 
5431 5595 
3783 5220 
1096 1228 
5521 6074 
532 6403 
1218 6560 
654 2812 
5169 6266 
3824 6729 
1087 5541 
1127 4679 
3603 6420 
5127 5207 
5900 6754 
3719 5581 
2588 4315 
2529 5167 
4930 6555 
2299 4518 
1458 5917 
4060 4780 
3577 6650 
616 2481 
2331 5704 
1138 4180 
6232 6492 
2321 4905 
5781 5807 
4163 6824 
6035 6738 
1837 2299 
6807 6986 
3082 5355 
3486 3537 
6187 6279 
5002 5037 
4116 5885 
2732 4684 
1817 3971 
5815 6025 
397 1978 
262 513 
6947 6947 
5092 6776 
6260 6688 
4979 5721 
2455 6753 
5619 6245 
1196 4307 
824 3271 
6514 6827 
6877 6964 
6216 6224 
3535 6169 
63 495 
1746 3056 
4431 5037 
2409 4466 
6169 6877 
6346 6531 
4136 4612 
3900 4607 
6413 6660 
2894 4155 
2302 4009 
4792 5384 
262 998 
1450 6821 
2155 2665 
184 2235 
3708 6917 
6414 6813 
349 6209 
2089 5941 
6456 6544 
5082 6260 
742 973 
739 2109 
2526 6940 
5934 6413 
6985 6994 
2961 3859 
2683 6993 
1643 5426 
6807 6872 
584 6317 
2294 5558 
2629 3173 
1213 4073 
4241 6519 
3526 4963 
5698 6291 
5624 6183 
139 6053 
2821 3771 
2425 3708 
5648 6084 
5839 6085 
3891 4414 
6313 6893 
4073 5813 
1581 2484 
2648 6890 
2859 3029 
4656 5093 
1024 6270 
1155 1879 
2941 5537 
372 2717 
4883 6998 
932 3460 
938 6426 
5353 6275 
3616 4289 
4103 6768 
3234 5626 
6849 6918 
625 6566 
3098 3541 
3149 6915 
1154 4348 
2718 6394 
4470 4619 
1580 4039 
5219 6167 
5009 6148 
1031 6775 
3949 6069 
2893 5242 
3467 4532 
869 1607 
1498 6191 
6008 6512 
2616 2701 
5222 5430 
1684 6763 
4706 5073 
2716 3086 
5695 6354 
2796 3393 
3620 4857 
6309 6602 
5792 6406 
6681 6993 
5689 5890 
6041 6533 
6632 6982 
4443 6995 
3521 3725 
2760 4824 
5917 6255 
4356 5529 
5443 6462 
913 1857 
6969 6995 
813 3265 
513 3725 
153 3033 
540 1783 
4918 5908 
1598 5304 
3018 6901 
5623 6498 
513 2039 
4798 5613 
1240 2678 
6887 6920 
3362 5298 
2597 5492 
6675 6992 
5106 5358 
5193 6181 
1108 5048 
6290 6592 
2322 4277 
2503 6615 
2682 4268 
2840 6141 
303 5224 
175 2316 
2806 5443 
6182 6697 
2698 3837 
5158 6010 
3814 5015 
6217 6847 
3918 6267 
1870 4946 
999 6678 
6590 6615 
4653 5190 
3830 6069 
6862 6981 
5427 5541 
2948 4062 
1748 2444 
1518 5873 
2861 6567 
1082 5743 
2820 3806 
6930 6975 
1903 2156 
1270 4756 
982 1384 
4094 4520 
5000 6661 
6994 6996 
1429 1945 
6995 6998 
5932 6017 
1834 4248 
6431 6960 
4972 6996 
3920 6351 
3493 5683 
1225 2488 
6478 6478 
2630 4582 
1143 5944 
3757 6627 
6024 6572 
3508 4861 
2744 6354 
3200 3620 
2280 5647 
3475 3496 
6410 6853 
134 5660 
1931 3526 
2227 4329 
1420 3240 
740 1124 
5107 6399 
2779 4322 
2583 5286 
5153 6571 
5303 6793 
5409 6070 
6641 6931 
3883 5808 
5249 5537 
3771 5304 
4351 5734 
1582 6339 
1952 6513 
5169 5947 
1002 2732 
5919 6507 
3531 6633 
616 4501 
282 1374 
346 5513 
3381 3725 
3094 4227 
6599 6888 
1600 5538 
5773 5893 
4827 5113 
6923 6988 
3454 5833 
4587 5117 
2480 3183 
5936 6984 
4672 5161 
1547 6730 
5520 6073 
4576 6118 
4494 6161 
6443 6774 
6571 6968 
5524 5648 
5879 6055 
1338 3725 
4108 6191 
3425 3999 
5226 5517 
229 370 
5981 6244 
6022 6676 
4954 6339 
2383 2433 
213 254 
383 1736 
937 4581 
5780 6111 
6215 6461 
2327 6219 
5202 6440 
3906 5577 
4346 5351 
5814 6253 
4468 6761 
2909 6439 
6305 6787 
6284 6461 
3063 6784 
3513 4351 
2361 5887 
6247 6759 
4893 5559 
5179 5656 
6350 6781 
4161 4844 
6017 6898 
5176 5981 
6824 6843 
4337 4956 
2660 5069 
5656 5686 
5971 6114 
506 5351 
5484 6242 
1725 1974 
1038 6735 
1719 3599 
5105 6065 
668 5902 
1785 4921 
6038 6936 
5325 6156 
192 5161 
4484 6476 
1403 6410 
3240 6991 
6236 6447 
6391 6930 
492 2800 
5199 6690 
161 6613 
3950 6275 
2334 6025 
5717 6947 
3102 3293 
671 4635 
6793 6969 
2819 3998 
5234 6861 
1922 2830 
1686 3529 
4855 5619 
3418 4185 
2176 2524 
604 6346 
6308 6569 
922 4086 
545 2582 
2450 6827 
6412 6424 
194 2405 
2075 3193 
2459 4935 
924 3414 
4165 4815 
3943 6514 
4899 6035 
5878 6903 
3356 5084 
1210 2129 
2777 3029 
6460 6696 
5890 6123 
122 4018 
947 6639 
2428 6730 
2961 3034 
4274 6323 
5222 5348 
3248 4074 
4702 6596 
5928 6124 
2335 6588 
5042 6244 
5683 6528 
6824 6894 
755 4426 
140 5590 
5184 6084 
2991 5372 
156 3100 
1991 5653 
1951 5854 
6864 6958 
14 4232 
2589 4983 
3119 3916 
2481 5340 
6455 6866 
1811 3374 
1750 5396 
6837 6864 
6377 6910 
4939 5838 
2734 5816 
4924 6949 
6427 6550 
5798 6120 
1081 1178 
4982 5001 
1169 5723 
4110 5505 
2906 5420 
2295 2534 
4209 4344 
964 4355 
4515 6814 
1732 1876 
3339 6416 
6976 6992 
2001 6044 
240 2262 
6448 6983 
3078 4531 
5861 6823 
682 5534 
3857 5535 
5079 6401 
1435 2876 
4913 6978 
4294 5903 
6567 6595 
2729 4214 
955 6951 
6621 6775 
5814 5931 
2158 3702 
2107 2414 
1291 5955 
3342 5612 
3627 5413 
5804 6330 
4260 6801 
6522 6752 
6044 6870 
2006 6522 
6851 6902 
772 4505 
4589 5061 
2284 5511 
3523 4319 
4476 5666 
4113 4926 
6000 6535 
1297 4773 
2767 3948 
1725 6956 
5649 5902 
6999 6999 
5627 6833 
621 5111 
4153 6429 
4061 5868 
5875 6457 
1900 2536 
3758 4002 
762 6984 
6085 6860 
4022 4339 
2599 3706 
2653 5221 
4308 5999 
6697 6747 
3354 4611 
5980 6780 
1009 3169 
1182 1711 
4237 5390 
6372 6738 
3669 5436 
6713 6739 
3234 6722 
542 5679 
3498 6980 
2299 6150 
6972 6982 
4803 5256 
5164 5234 
3524 6345 
3187 6588 
6294 6544 
6151 6555 
6574 6684 
5385 6458 
273 2673 
3085 3795 
2195 5913 
1438 1495 
5548 6893 
527 5299 
3723 5137 
1660 2239 
5039 5817 
5641 5705 
2897 3129 
4328 6341 
5499 5544 
5524 5851 
3335 5128 
2430 4588 
3925 6522 
2625 4538 
4151 6543 
992 6233 
6450 6794 
5996 6676 
5201 6948 
6039 6514 
3217 5567 
5667 6616 
337 3169 
2814 3725 
5950 6115 
4952 6910 
332 6040 
5143 5369 
4024 5223 
2645 3863 
6359 6878 
5838 6194 
1479 6370 
625 3072 
2642 4918 
5292 5671 
310 3855 
5491 6764 
293 2850 
405 4457 
414 2773 
1079 6791 
1053 5843 
806 1578 
2344 3859 
3448 4545 
2714 3992 
1842 5550 
1407 5246 
2474 6989 
262 2900 
4251 5034 
975 6865 
3721 5379 
457 4475 
6071 6625 
5657 6528 
1881 4595 
3001 4200 
5046 5594 
2546 4636 
5639 6426 
5223 6596 
5099 6082 
2267 6597 
5763 6946 
997 4992 
6381 6525 
3657 5882 
5941 6862 
6769 6953 
5659 6159 
5656 6308 
1921 2079 
1590 4119 
198 1366 
3841 5046 
5022 5077 
6322 6579 
4932 5447 
296 6917 
2214 6909 
3166 6900 
3895 4779 
1661 5659 
5711 6418 
6601 6864 
4546 4757 
2087 2393 
5467 6173 
1448 4918 
1357 3705 
5111 5633 
4385 6927 
2818 6853 
6515 6843 
3796 4535 
2551 4403 
6959 6963 
2862 4741 
6973 6993 
3044 6422 
4556 5331 
2389 5818 
3775 4674 
6948 6954 
33 3936 
4616 5435 
36 6253 
6200 6765 
715 4011 
6770 6812 
506 3621 
3361 6021 
2931 5111 
2302 3257 
157 4205 
4644 6524 
5604 5781 
1044 3920 
151 258 
6897 6927 
6405 6512 
4726 6992 
4013 6750 
667 5874 
2012 4220 
180 4361 
2486 5469 
6653 6764 
6367 6440 
4010 4360 
119 1315 
681 5208 
5118 5845 
6844 6873 
2796 6849 
6345 6365 
4031 4939 
5896 6702 
1755 2776 
2598 5717 
759 3986 
4972 6591 
1807 2832 
5570 5735 
2752 6391 
2714 4907 
1565 6573 
6898 6991 
5827 6771 
2986 3192 
5124 6880 
6039 6040 
5779 6403 
2167 3159 
453 3288 
558 4064 
3909 5034 
2844 3777 
6058 6445 
6315 6513 
6557 6681 
2318 6115 
1746 5388 
4175 4368 
506 6042 
1480 2829 
6119 6804 
6001 6124 
2422 4820 
6909 6929 
6643 6858 
6448 6812 
5341 5902 
1749 3635 
3744 6060 
6949 6972 
3477 6999 
3730 6686 
6547 6809 
4874 6250 
973 5306 
4474 5067 
105 4905 
1422 3501 
4924 5757 
3267 6759 
369 5596 
2939 5824 
3361 4669 
4906 5399 
1481 5777 
5657 6366 
2041 6711 
376 3089 
3002 6034 
4626 6852 
4806 6971 
4899 5531 
5545 6035 
5212 5397 
6409 6964 
647 3671 
4933 5043 
4048 5279 
589 4618 
4554 4882 
2427 4379 
3545 6629 
3156 4719 
6325 6978 
1483 3432 
6669 6724 
3581 6382 
1864 4852 
2308 6339 
4017 6316 
5899 6805 
3823 5762 
3787 6484 
5289 6955 
6583 6793 
5427 5844 
1398 4564 
3829 4476 
5593 6393 
4983 5486 
3156 6644 
871 4896 
2038 5825 
4229 6350 
4812 6254 
3441 5025 
3342 4842 
819 1569 
1079 1228 
619 1692 
1160 1466 
3614 6100 
4129 6722 
2282 3182 
18 1975 
3961 4778 
1331 5602 
6688 6866 
3363 5825 
1192 1233 
6799 6969 
3686 3948 
2389 3350 
641 5723 
6041 6877 
1156 4726 
5440 6739 
6251 6403 
1791 3416 
218 2296 
2345 3910 
6354 6374 
5353 5683 
1567 2083 
1437 6813 
6807 6972 
5862 6678 
3966 5685 
4728 5108 
331 2172 
4545 5666 
1321 5572 
1999 2586 
4655 5899 
2647 5198 
3431 4341 
853 3760 
1366 2585 
3290 6026 
6297 6718 
6345 6678 
2503 6616 
4126 5343 
2162 6395 
4233 5376 
5798 6964 
1333 4792 
2644 2982 
3777 5041 
6674 6981 
4185 4274 
1564 2416 
4517 4766 
1220 3324 
6499 6972 
2777 6765 
5953 6885 
3520 6488 
5519 6943 
6703 6966 
528 617 
5723 6813 
4351 5549 
3763 5929 
479 539 
2760 6354 
4928 6250 
3735 3840 
6926 6970 
3903 5960 
4207 4349 
613 3192 
6168 6991 
3242 5806 
2381 6997 
5700 5969 
3176 3616 
6089 6809 
2831 4428 
170 6259 
22 5759 
2354 6458 
5315 5907 
6566 6768 
1875 4360 
34 2008 
28 5327 
2179 4733 
266 4034 
4972 5353 
876 6845 
6030 6534 
1948 5586 
1721 5507 
5247 6429 
4169 6593 
5038 5847 
2281 2631 
2323 2726 
4532 4920 
4648 5511 
6970 6984 
2183 5830 
1072 1730 
5374 6528 
1866 6009 
5787 6255 
5814 6670 
4178 5651 
3078 6834 
1618 3103 
4914 5085 
3143 6546 
6774 6807 
4945 5087 
6562 6915 
2947 5010 
4441 6605 
3321 6794 
5887 6348 
5345 6287 
3101 5396 
4161 6915 
1214 2131 
4335 6454 
2051 4352 
733 5322 
831 2324 
5870 5892 
2933 4224 
267 5492 
2309 6573 
5118 5357 
4957 6513 
6479 6776 
6706 6994 
4359 6506 
3322 6149 
1659 5802 
1562 4548 
3826 5820 
6023 6181 
4047 4817 
5271 5685 
2879 6625 
6259 6983 
3806 4086 
5643 5811 
1283 5549 
2718 5411 
2290 2537 
6248 6891 
3269 4574 
3547 4970 
267 6698 
601 1903 
59 797 
1137 2486 
5290 6409 
1358 4659 
6203 6787 
1581 5036 
6692 6773 
593 3508 
3147 6931 
4 2785 
662 6653 
3500 6199 
172 1994 
4573 6542 
5725 6997 
5225 6698 
2508 6469 
3278 6967 
6207 6492 
160 2753 
1831 2830 
473 5606 
1356 1468 
546 5622 
5500 6811 
1599 4596 
5229 5845 
1847 2705 
1022 1233 
2530 6696 
5888 6131 
5668 6352 
184 4656 
6686 6926 
1516 6301 
2923 4225 
907 2726 
5091 5140 
5145 6579 
1061 4724 
5506 6905 
1254 5049 
884 4998 
1276 4411 
2884 6922 
4306 4484 
1516 3981 
4308 6772 
3855 6331 
3779 5198 
5793 6928 
4095 6586 
742 1990 
1886 3702 
6693 6868 
6664 6735 
3948 4114 
6983 6987 
5414 6952 
3174 3347 
5406 6106 
4484 5296 
3913 6799 
4942 6617 
3947 4699 
2673 3093 
2983 4563 
4753 6801 
4626 4688 
2752 6889 
6664 6753 
139 922 
546 1280 
427 3032 
3498 6014 
2913 6562 
2704 3299 
6990 6998 
920 3015 
3956 5098 
6754 6968 
2250 6828 
2545 4375 
3967 6961 
6060 6309 
5936 6358 
4391 6379 
1391 2511 
5012 5652 
4206 6815 
182 5311 
3162 4873 
2285 6556 
2464 5251 
3724 5262 
3286 3402 
793 1321 
4131 5077 
3796 5553 
5328 6322 
6325 6650 
4793 6159 
4350 6577 
5907 6216 
1506 1875 
2650 3140 
2496 5334 
2127 2996 
1347 2761 
6455 6921 
5408 6592 
2506 6185 
5012 6086 
6428 6456 
283 6867 
6114 6653 
1384 3363 
2462 6538 
2660 4643 
2022 5734 
933 1742 
3780 4740 
1910 5614 
4687 4980 
3017 5505 
1953 3919 
6931 6977 
5566 5839 
1596 5698 
6344 6567 
5503 6144 
4203 5061 
5227 5883 
1069 5301 
5322 6247 
4625 4641 
3016 6777 
3773 4438 
765 5395 
93 2409 
4894 5112 
3725 4101 
2368 3941 
6626 6925 
6628 6898 
3440 4179 
6394 6616 
1839 4395 
1681 6376 
1303 3641 
3556 4167 
1740 6181 
1283 5776 
1279 6890 
4628 4757 
2646 4813 
2158 4136 
5190 6092 
510 1203 
5120 5713 
3338 4520 
2185 5765 
6444 6628 
5161 5452 
2955 4129 
1760 4819 
2171 5300 
6048 6967 
1145 2655 
1150 1533 
3205 3513 
6221 6440 
3370 4992 
6320 6837 
5570 6499 
4092 6458 
2155 4013 
3085 4083 
2290 3953 
10 336 
6975 6995 
6556 6588 
1399 2331 
6131 6535 
6102 6544 
4588 4628 
2160 6544 
2059 3825 
5075 6788 
4661 5127 
2840 5131 
2700 5569 
3961 6005 
4228 4807 
1090 4570 
621 791 
6470 6521 
2435 5865 
4616 6227 
5738 6226 
6946 6965 
6194 6344 
3262 5018 
2486 3905 
6773 6784 
649 6797 
4767 6468 
1247 6770 
2063 3097 
770 4550 
4959 4998 
507 1165 
2814 3122 
5110 6904 
1346 2917 
2029 5280 
4812 6058 
300 320 
2216 5840 
5251 6026 
753 2132 
48 2747 
3504 5021 
5054 6347 
6607 6654 
3764 4582 
5429 5841 
545 1607 
1161 1876 
6942 6962 
5161 6310 
4631 6530 
52 2426 
5470 6998 
4143 6009 
3551 6649 
6422 6927 
1777 2408 
2481 4349 
4887 4936 
2789 5964 
3106 6615 
3722 4562 
6430 6873 
2093 2988 
2785 6519 
672 5956 
1948 2059 
5303 6665 
4059 5656 
5193 6025 
965 5821 
570 3071 
6718 6887 
5285 6506 
6691 6902 
4921 6045 
1745 3967 
3217 5949 
2001 3507 
141 938 
546 3642 
5218 5638 
6867 6924 
2360 6426 
4766 6928 
633 4696 
4106 6648 
3555 6396 
5582 5927 
931 1119 
2893 4973 
5720 6828 
1152 4985 
5008 6515 
5047 6044 
2957 5817 
4598 6372 
6628 6702 
3336 3608 
3397 4279 
5903 5997 
5054 5540 
3608 3653 
868 6364 
6574 6625 
3706 5984 
3963 4571 
3886 4235 
1648 2563 
5155 6990 
3768 6065 
2284 5680 
3416 4442 
3546 4229 
1797 5470 
3803 4201 
4977 5109 
3527 3845 
6371 6831 
379 555 
460 6035 
5579 6225 
4931 6259 
2325 4235 
6440 6940 
5656 5944 
2521 6831 
1581 4172 
5278 5506 
5797 6131 
6375 6977 
3659 6334 
6279 6362 
5211 6274 
2642 3420 
6632 6817 
5958 6480 
3191 3962 
3325 5903 
2836 3188 
2027 4166 
3569 3639 
2141 6824 
4293 5484 
1411 6906 
4092 6017 
2927 5493 
4650 6113 
6780 6947 
4895 5867 
1156 1994 
1288 5368 
125 5411 
5438 5729 
1938 3926 
917 5614 
1191 5112 
2163 4407 
317 3705 
2317 4301 
4472 4714 
6942 6969 
4728 6253 
2474 3288 
4868 5066 
210 426 
856 2863 
669 3156 
4715 5980 
3153 3162 
5069 6203 
5795 6304 
2451 5739 
6750 6907 
1590 1669 
4904 6915 
1862 3175 
6815 6847 
6635 6638 
4895 5254 
2778 5523 
1729 2690 
4130 5165 
4593 5731 
1932 3229 
3086 3093 
5529 6836 
6559 6741 
6780 6837 
2387 3401 
5236 5292 
277 1899 
2699 3314 
3213 5292 
2474 5365 
914 4073 
4736 6759 
4208 6767 
4583 6229 
2723 2842 
6558 6700 
6395 6970 
5247 6971 
1146 6295 
6653 6955 
3954 5658 
5436 6104 
3455 6600 
6219 6716 
3596 6608 
4321 6248 
1860 5490 
4971 5607 
4308 6440 
4292 4881 
482 5312 
5452 6030 
160 2487 
526 1243 
2056 3119 
6112 6534 
3358 6535 
1656 3996 
5761 6538 
1103 4931 
5757 6712 
41 5772 
2284 3909 
2574 3188 
1221 5844 
108 234 
950 1164 
3610 5084 
1311 5372 
840 1918 
238 2158 
3893 6742 
5260 6758 
3556 4425 
2758 6201 
6927 6975 
2181 2875 
3576 5575 
5871 5915 
3361 5262 
6494 6951 
4079 5437 
4192 6249 
543 4831 
5552 6402 
6738 6969 
4853 6262 
2745 4010 
1452 1645 
5877 6591 
2605 3645 
5884 6155 
3414 3944 
3350 3447 
1056 4431 
1741 4115 
4610 6398 
4831 5606 
6336 6596 
1025 3023 
2655 4026 
1672 3904 
3013 5769 
6415 6551 
526 6300 
6218 6472 
5248 6203 
4686 6742 
4907 5071 
241 5286 
2355 2434 
6950 6995 
1925 4438 
6927 6987 
3752 6187 
192 5157 
5414 6268 
3281 6218 
1631 1913 
56 6415 
473 5099 
3485 5236 
134 6423 
1880 5109 
138 6899 
2169 3339 
5024 5840 
6414 6822 
4680 5849 
3133 6451 
4847 4969 
4419 5584 
5614 6646 
6736 6992 
5002 5039 
912 3372 
6788 6788 
4614 5218 
3707 5439 
1911 2065 
3354 5649 
474 2085 
4640 5553 
611 5247 
259 6611 
6463 6576 
2037 5984 
4487 4696 
3955 4060 
2969 5703 
4467 4925 
6407 6944 
5986 6065 
2389 6881 
3307 5358 
1536 3783 
2069 4875 
6560 6639 
6917 6948 
1292 5581 
2349 2483 
1058 2620 
488 5262 
2897 3604 
913 2966 
4461 5895 
313 3850 
4851 5813 
6165 6908 
3046 4310 
4835 5495 
1282 5435 
6140 6692 
4073 5448 
4330 6656 
3681 6096 
2443 6030 
4643 5686 
2065 3229 
6770 6953 
3755 4920 
334 1468 
1837 3059 
3038 6010 
4626 6061 
47 1821 
5467 6446 
6042 6062 
1328 6309 
937 5359 
1647 5699 
4484 5079 
2922 5549 
1851 4268 
2888 4011 
453 777 
2723 4243 
6052 6623 
5923 6625 
1996 5054 
3438 5558 
3053 5980 
5366 6194 
6151 6327 
5678 6351 
6280 6397 
5883 6451 
4009 6326 
3174 4538 
585 1766 
5439 6254 
4509 4611 
5830 5892 
5251 5745 
3295 6101 
2241 4047 
1451 3322 
4278 6491 
612 6702 
5013 6147 
6960 6982 
3775 3795 
1201 3498 
6394 6733 
3578 6013 
2670 5104 
2572 6754 
3762 5502 
6376 6869 
5524 6538 
729 6080 
3089 6117 
4854 5962 
6555 6711 
5336 5985 
5282 6897 
6197 6576 
1576 4248 
599 4479 
5131 6786 
5183 6940 
6937 6982 
4887 6679 
6145 6682 
4403 5947 
1974 6140 
837 1925 
6936 6946 
3762 4788 
1035 2430 
5284 6057 
861 2559 
1624 5084 
6 4282 
6362 6387 
2364 4558 
1196 4707 
4374 6669 
6279 6543 
5163 6931 
6335 6434 
2536 3065 
2806 4832 
1957 2781 
503 3494 
4160 5797 
1215 3137 
3323 3742 
422 2053 
3435 4797 
4923 5569 
380 526 
3526 4390 
3943 6176 
5469 6482 
6927 6965 
2969 4932 
3375 6577 
142 3700 
1324 5997 
2638 4290 
1494 4648 
1999 2754 
5888 6093 
2447 2626 
6834 6868 
6161 6662 
552 3123 
315 1816 
3100 6513 
5663 6864 
3944 5426 
6002 6671 
2904 6287 
5374 6857 
5576 6640 
578 6278 
403 4960 
6534 6792 
3708 5322 
2428 5160 
4106 6215 
2712 4923 
5670 5907 
2896 3224 
1485 6619 
313 3373 
812 2676 
4353 4504 
4993 5715 
2503 2528 
4132 6753 
2749 5591 
1631 1696 
4627 6433 
6456 6700 
4742 5476 
3409 5007 
6378 6511 
6343 6525 
3509 4498 
5616 5689 
2594 2722 
6698 6788 
2962 6019 
312 3812 
3832 5446 
2757 3569 
1559 3192 
3336 4779 
2161 6840 
1846 6062 
6766 6930 
1984 5010 
2975 4636 
6851 6931 
6020 6974 
6052 6301 
2197 6837 
2265 6249 
5034 5529 
4244 6872 
6749 6998 
2353 4488 
1981 2072 
4731 6562 
6186 6409 
5555 6600 
2921 5321 
5724 6684 
3338 4317 
6028 6452 
112 5040 
6690 6997 
4776 5890 
4917 5698 
1536 5347 
5035 6187 
3905 4479 
6289 6725 
6431 6975 
4556 4877 
3355 4125 
810 1772 
1309 4488 
964 5430 
3026 4986 
363 670 
3991 5319 
4707 4916 
62 2556 
958 2575 
1690 5402 
2967 5021 
2495 4371 
4089 6920 
6141 6404 
4902 6580 
2161 6303 
3793 5686 
6157 6582 
2646 3245 
6184 6992 
4785 6955 
625 2940 
3064 5400 
3961 4922 
3854 6678 
410 5955 
1878 2285 
1435 3379 
3814 4031 
1849 4253 
6004 6876 
160 3184 
4149 6496 
5104 6836 
2574 3120 
1760 2393 
3811 5404 
5815 6159 
4914 6075 
6939 6959 
5715 6035 
3377 5497 
54 1957 
5002 5908 
4467 5294 
3012 5171 
1232 4926 
4102 5975 
4910 5974 
4233 5730 
5578 6774 
2457 3127 
5370 6676 
1595 6576 
5290 6177 
1597 6340 
1807 2444 
4358 4486 
6578 6889 
3144 3295 
6628 6969 
6297 6635 
2256 6458 
2712 6038 
401 1664 
1899 3063 
3765 5064 
4251 5921 
4338 6301 
6400 6401 
5393 5433 
6132 6289 
6348 6352 
3050 3238 
2476 6192 
2061 3639 
5452 6139 
5734 6417 
354 4643 
6120 6749 
3591 5082 
6934 6992 
1241 6335 
1319 3981 
514 5595 
6353 6607 
4521 6045 
5624 5644 
4237 5422 
3150 6536 
5049 5294 
5092 5594 
6013 6786 
6908 6977 
962 6291 
3165 6267 
1023 3257 
1100 2210 
3154 5031 
4444 4534 
3104 3545 
839 4315 
1115 3250 
4798 5194 
1591 3092 
14 4264 
1271 1939 
2404 6933 
3854 4712 
688 1395 
5042 6634 
3277 5217 
4560 4816 
253 6395 
3246 6330 
5697 5958 
5106 6939 
1413 6575 
3236 5873 
1348 2384 
6906 6931 
2879 6319 
4825 5759 
3605 6256 
2647 5537 
5452 6891 
3681 4339 
6525 6992 
662 4183 
4626 6098 
4061 5967 
3428 6372 
1685 4910 
4607 6562 
6923 6983 
6024 6626 
6055 6349 
2666 6311 
1684 3160 
1592 3083 
2891 6994 
5311 6806 
1489 2468 
1345 2940 
1624 3951 
229 1920 
5511 5946 
6826 6904 
3473 5919 
4374 5782 
2917 4362 
5743 5875 
4083 6836 
2083 4922 
1128 4151 
4291 6253 
2998 6809 
4084 5354 
2434 5914 
5421 6716 
3610 4799 
2313 3201 
1424 1438 
3046 4096 
106 4028 
2703 2851 
6784 6799 
2050 6412 
5203 5392 
3280 3859 
3055 4832 
2177 6955 
1228 1408 
4397 5938 
2468 5615 
1975 2847 
5489 6788 
895 5931 
4810 5416 
6798 6891 
6450 6831 
5924 6358 
6270 6720 
5104 6771 
3941 6688 
4127 6218 
6464 6593 
1789 5465 
348 6047 
712 2629 
1752 6463 
5615 6079 
1732 4144 
3942 6820 
1050 6733 
6809 7000 
4801 4876 
1260 2188 
6414 6708 
181 5532 
5993 6844 
4224 4922 
4724 6297 
449 2785 
2835 4802 
1738 4992 
1730 5065 
142 1757 
636 6542 
4433 6978 
2511 3458 
2311 5541 
6613 6779 
5496 6970 
4625 5792 
2347 6425 
837 1075 
508 5368 
5512 6917 
1646 2172 
2134 3308 
1726 6295 
516 4514 
5949 6144 
6713 6903 
5477 5806 
4765 5614 
2267 4507 
1732 4102 
4149 6739 
2901 5800 
3115 3477 
3083 5674 
1467 3224 
1970 3008 
376 6912 
207 6011 
4812 5716 
492 944 
1942 2329 
6105 6720 
6290 6558 
6247 6321 
771 4809 
707 3748 
2882 2986 
5395 6173 
6554 6884 
3560 3878 
1356 6340 
351 4835 
1506 1967 
4789 6046 
6746 6874 
2790 4570 
1620 6658 
977 1727 
5086 6897 
1878 2273 
3173 5860 
6293 6488 
4986 5525 
499 659 
2790 3017 
2906 5440 
1598 6538 
3340 5092 
2401 3928 
3084 4291 
1133 3990 
5677 6280 
4466 5616 
5220 6906 
2414 3444 
1038 1504 
2035 2365 
2731 4155 
179 5038 
6291 6605 
4103 4602 
4530 5284 
3040 4516 
898 3210 
5171 6975 
6711 6778 
2116 4382 
4491 5335 
86 6868 
2787 5803 
3667 4814 
3449 6783 
715 1609 
6706 6965 
219 849 
6977 6998 
1793 2627 
3032 6827 
2741 5629 
2975 4265 
6721 6996 
3944 4851 
5504 5894 
754 954 
1096 6712 
294 1186 
3360 4701 
181 5000 
2373 3914 
6176 6586 
2129 2700 
6691 6920 
5402 6185 
2470 3159 
5518 5569 
1718 4716 
1320 5483 
4451 6397 
822 2827 
5442 6356 
2962 6089 
3972 6487 
1610 5298 
1843 5137 
575 5773 
4739 5083 
20 6832 
913 1071 
3980 5476 
3018 6619 
3494 5042 
6353 6719 
2585 6411 
1158 6319 
3239 3412 
2586 5008 
5599 5788 
5139 5217 
1274 2500 
6653 6949 
5341 5449 
4333 6034 
2829 3608 
6045 6945 
1991 2145 
1054 5307 
4302 5980 
637 5186 
688 4460 
5457 6800 
2860 3030 
4478 6814 
3469 4572 
1368 5941 
5638 5968 
4870 6072 
815 4134 
2314 2560 
831 6164 
3924 5379 
160 761 
6674 6963 
2385 3713 
2719 5148 
5389 6959 
3665 6595 
1973 6951 
6401 6785 
4303 5061 
5481 5961 
4554 4900 
4686 6983 
4915 5946 
855 3203 
417 2041 
1323 2380 
2556 3072 
518 2659 
4527 6854 
1964 3513 
4174 5105 
5508 6606 
6002 6844 
5942 6498 
1436 3749 
5159 5610 
2170 4884 
5974 6347 
5120 6611 
5160 6868 
275 6045 
409 6627 
1973 4219 
4558 6945 
4382 5940 
5384 6608 
6238 6398 
768 3390 
1486 5592 
4207 5460 
3603 4708 
4393 4481 
4919 6941 
4739 5623 
1858 3554 
3965 4277 
2050 5800 
6821 6905 
4248 5001 
2938 4665 
2195 2722 
242 1632 
2608 3966 
6303 6702 
2296 6628 
1125 3235 
5307 6301 
2930 6071 
151 181 
1626 4684 
1353 1418 
12 1612 
332 403 
4875 6670 
2728 3860 
5444 6913 
6230 6829 
1985 3495 
5267 6283 
2992 5084 
4613 6600 
6012 6027 
3982 5971 
944 4746 
5566 5598 
4133 6123 
6754 6877 
6948 6986 
2769 6986 
2678 4359 
6417 6805 
565 6551 
1252 1622 
5394 6641 
2228 6586 
3027 3859 
4737 6452 
2792 3382 
81 3355 
855 3955 
6555 6748 
5105 6986 
6298 6788 
3868 4953 
1052 2218 
3655 4846 
3443 6522 
3223 5151 
6058 6310 
1579 4795 
2201 6654 
2209 2532 
2735 4728 
5650 6233 
6219 6442 
6598 6900 
4223 4449 
4731 5053 
265 6517 
6620 6854 
6440 6474 
882 6139 
5379 6497 
4061 5032 
5884 6080 
5691 6454 
4128 6313 
239 3286 
938 4397 
1759 3074 
926 3765 
915 4702 
845 5006 
679 5856 
5913 6963 
2752 4758 
3537 5111 
5124 6657 
5721 6071 
1691 2352 
6795 6813 
1789 4043 
885 2683 
6156 6279 
1466 5548 
6876 6960 
4846 5907 
3441 6800 
3425 3559 
800 4915 
1677 4696 
1379 1743 
791 6207 
5895 6173 
1885 2829 
4207 6982 
6548 6924 
6746 6974 
636 5420 
3508 5780 
4938 5335 
3441 6870 
1019 3670 
3607 3893 
3021 3913 
5100 5228 
519 1411 
2492 6312 
5159 6414 
2482 5403 
1225 5922 
735 910 
3792 4638 
4467 6195 
6628 6926 
1420 4362 
1605 2727 
4661 6748 
3862 6984 
6088 6950 
3274 6543 
4730 5141 
5859 6271 
224 2836 
1731 5778 
6552 6637 
5725 6016 
6272 6968 
5733 6598 
2774 6466 
3405 5670 
4951 6656 
6328 6915 
422 1370 
4548 6783 
3908 6719 
4773 5391 
6325 6780 
6809 6818 
5234 5907 
539 3851 
467 4842 
250 4096 
3371 3481 
2483 2764 
5605 5951 
5599 6918 
4530 6717 
991 3875 
6034 6554 
2985 4850 
4544 5233 
3039 4038 
1548 1820 
6184 6401 
5322 5888 
1090 1220 
3453 4161 
1369 3142 
1892 5066 
3926 4264 
3522 3570 
5018 6467 
5713 6240 
6094 6578 
4232 6678 
2900 3058 
5465 5896 
3537 6243 
1120 6727 
2824 3617 
4259 6907 
6306 6832 
4298 5733 
4933 6661 
2255 3840 
1933 2814 
4163 5909 
4176 5467 
1633 6470 
4678 5167 
3364 6025 
3197 5808 
5477 6410 
311 588 
382 3778 
6789 6836 
6348 6478 
4151 6219 
5453 6626 
6052 6553 
2869 4914 
546 3743 
2804 4853 
1640 4158 
4384 5700 
1406 6451 
4674 5892 
408 3520 
6345 6610 
5424 5432 
6406 6627 
3719 4204 
4579 5024 
1760 6027 
3053 4546 
5080 6037 
2842 5564 
5904 6265 
2474 4018 
3371 5614 
2612 5631 
925 5829 
